listiEveGenLocalSearchedIndNum_AllRunsEve:
[0.0, 10.0, 20.0, 30.0, 40.0, 50.0, 60.0, 70.0, 80.0, 90.0, 100.0]

listfEveGenBestIndFitness_AllRunsAve:
[0.08026170625825388, 0.09506623518879599, 0.11540427889865904, 0.1377122237977141, 0.15765535018934174, 0.17280433722720676, 0.1798901243409209, 0.18402101231114856, 0.1862912449698379, 0.18774547118115292, 0.18804964121605441]

listEveGenDiversityMetric1_AllRunsAve:
[1.0, 0.9916666666666666, 0.7849999999999999, 0.7083333333333334, 0.6333333333333332, 0.6366666666666666, 0.5905555555555555, 0.5322222222222223, 0.5075000000000001, 0.5408333333333333, 0.5520454545454546]

listfEveGenProportion_belongToLocalSearchedIndNeighbor_exceptCurrLocalSearchedInd_AllRunsAve:
[0.0, 0.0, 0.0, 0.0016666666666666668, 0.016666666666666666, 0.14, 0.3697222222222223, 0.5466666666666666, 0.6577777777777777, 0.6877777777777777, 0.713939393939394]

listiAveDiversityMetric2EveGen:
[7.0414072022160665, 26.461239150507847, 10.041633425669435, 5.370211449676825, 3.9712169898430285, 2.9884358264081254, 2.3449451319426626, 2.074841249908614, 2.06945721457703, 2.1070495862169034, 2.315140000458813]

listiAveFitEvaNumByThisGen:
[20, 340, 660, 980, 1300, 1620, 1940, 2263, 2590, 2926, 3286]
------------------------new instance-----------------------------
listiEveGenLocalSearchedIndNum_AllRunsEve:
[0.0, 10.0, 20.0, 30.0, 40.0, 50.0, 60.0, 70.0, 80.0, 90.0, 100.0]

listfEveGenBestIndFitness_AllRunsAve:
[0.08901373004300525, 0.10866990735205687, 0.13097032764214206, 0.1530787071549288, 0.16581710024545385, 0.1744315462243387, 0.17941364384872374, 0.1820959282957522, 0.18295356562132417, 0.18358274284091283, 0.18371234790198993]

listEveGenDiversityMetric1_AllRunsAve:
[1.0, 0.9849999999999999, 0.7633333333333333, 0.7549999999999998, 0.67, 0.6333333333333332, 0.5583333333333332, 0.5341666666666666, 0.5102777777777777, 0.5222222222222223, 0.6647979797979798]

listfEveGenProportion_belongToLocalSearchedIndNeighbor_exceptCurrLocalSearchedInd_AllRunsAve:
[0.0, 0.0, 0.0, 0.008333333333333333, 0.05833333333333334, 0.16999999999999993, 0.41166666666666674, 0.5647222222222222, 0.69, 0.761111111111111, 0.6205555555555555]

listiAveDiversityMetric2EveGen:
[7.0414072022160665, 21.056562326869813, 8.87259926131117, 4.8989972299168985, 3.4930424746075706, 2.7557636195752533, 2.470684210526316, 2.243653504482922, 2.200154837690513, 2.255697396582155, 2.7416141712564928]

listiAveFitEvaNumByThisGen:
[20, 340, 660, 980, 1300, 1620, 1940, 2260, 2586, 2926, 3286]
------------------------new instance-----------------------------
listiEveGenLocalSearchedIndNum_AllRunsEve:
[0.0, 10.0, 20.0, 30.0, 40.0, 50.0, 60.0, 70.0, 80.0, 90.0, 100.0]

listfEveGenBestIndFitness_AllRunsAve:
[0.09248853889457292, 0.1105243287834288, 0.13560519140571375, 0.16173958546562126, 0.17763237263498113, 0.18943788532224998, 0.19896382865581624, 0.20347370068831966, 0.2066172815447425, 0.20707125891048622, 0.20799282079005074]

listEveGenDiversityMetric1_AllRunsAve:
[1.0, 0.9883333333333332, 0.7766666666666666, 0.7216666666666666, 0.6400000000000001, 0.6, 0.6016666666666666, 0.5458333333333332, 0.47833333333333344, 0.5608333333333333, 0.5993181818181819]

listfEveGenProportion_belongToLocalSearchedIndNeighbor_exceptCurrLocalSearchedInd_AllRunsAve:
[0.0, 0.0, 0.0, 0.013333333333333334, 0.060000000000000005, 0.21500000000000002, 0.36, 0.5527777777777778, 0.6983333333333335, 0.6855555555555556, 0.6986111111111111]

listiAveDiversityMetric2EveGen:
[7.0414072022160665, 21.495724838411817, 8.620088642659278, 4.262342566943675, 3.0743822714681435, 2.802893813481071, 2.494943674976916, 2.075782310940055, 1.8495137371426043, 2.002887467481335, 2.0947735265136807]

listiAveFitEvaNumByThisGen:
[20, 340, 660, 980, 1300, 1620, 1940, 2260, 2583, 2913, 3273]
------------------------new instance-----------------------------
listiEveGenLocalSearchedIndNum_AllRunsEve:
[0.0, 10.0, 20.0, 30.0, 40.0, 50.0, 60.0, 70.0, 80.0, 90.0, 100.0]

listfEveGenBestIndFitness_AllRunsAve:
[0.08046338168605822, 0.09619901058110174, 0.11795517758061416, 0.14501453702872202, 0.16485513313386058, 0.17652994602603597, 0.18437141244368133, 0.18877359874141944, 0.19088216022586868, 0.19171424375256507, 0.19199092799196235]

listEveGenDiversityMetric1_AllRunsAve:
[1.0, 0.9883333333333332, 0.7766666666666667, 0.7333333333333333, 0.6616666666666666, 0.6249999999999999, 0.5783333333333335, 0.5480555555555554, 0.5633333333333334, 0.6194444444444446, 0.6075000000000002]

listfEveGenProportion_belongToLocalSearchedIndNeighbor_exceptCurrLocalSearchedInd_AllRunsAve:
[0.0, 0.0, 0.0, 0.005000000000000001, 0.03666666666666667, 0.1466666666666666, 0.3266666666666667, 0.5291666666666667, 0.7133333333333333, 0.6880555555555555, 0.6880555555555555]

listiAveDiversityMetric2EveGen:
[7.0414072022160665, 24.799687903970455, 8.277754385964915, 4.821699907663897, 3.179633425669437, 2.4084118190212376, 2.4701578947368423, 2.4983730192890072, 2.443534992306991, 2.5002720998326367, 2.5760037431861194]

listiAveFitEvaNumByThisGen:
[20, 340, 660, 980, 1300, 1620, 1940, 2260, 2583, 2923, 3293]
------------------------new instance-----------------------------
listiEveGenLocalSearchedIndNum_AllRunsEve:
[0.0, 10.0, 20.0, 30.0, 40.0, 50.0, 60.0, 70.0, 80.0, 90.0, 100.0]

listfEveGenBestIndFitness_AllRunsAve:
[0.08412624868663056, 0.10038891645825629, 0.1234076059638717, 0.14650377372260054, 0.16752699299505774, 0.18008685912748432, 0.18454599989183157, 0.18796639521193945, 0.18921421160328647, 0.18963258513312295, 0.18976474216317032]

listEveGenDiversityMetric1_AllRunsAve:
[1.0, 0.9916666666666666, 0.7999999999999999, 0.7000000000000001, 0.6583333333333334, 0.6016666666666666, 0.5399999999999999, 0.45333333333333325, 0.4947222222222222, 0.5747222222222222, 0.6603282828282828]

listfEveGenProportion_belongToLocalSearchedIndNeighbor_exceptCurrLocalSearchedInd_AllRunsAve:
[0.0, 0.0, 0.0, 0.0, 0.013333333333333332, 0.14, 0.39333333333333337, 0.5666666666666665, 0.6666666666666664, 0.7122222222222221, 0.6188636363636363]

listiAveDiversityMetric2EveGen:
[7.0414072022160665, 21.187775623268696, 9.60481809787627, 3.951316712834718, 2.7853795013850426, 2.2796546629732224, 2.1500683287165283, 2.0210277008310253, 2.3836233310190797, 2.5905764944798912, 2.6722188337434907]

listiAveFitEvaNumByThisGen:
[20, 340, 660, 980, 1300, 1620, 1940, 2260, 2580, 2916, 3290]
------------------------new instance-----------------------------
listiEveGenLocalSearchedIndNum_AllRunsEve:
[0.0, 10.0, 20.0, 30.0, 40.0, 50.0, 60.0, 70.0, 80.0, 90.0, 100.0]

listfEveGenBestIndFitness_AllRunsAve:
[0.08784228177563093, 0.1082119796051145, 0.13397453656960784, 0.1630350132552165, 0.18667136086098793, 0.20542378872008357, 0.21579753540759924, 0.22016960194674012, 0.22125811348661834, 0.2216844192696364, 0.22180006226355256]

listEveGenDiversityMetric1_AllRunsAve:
[1.0, 0.9933333333333333, 0.8049999999999998, 0.7433333333333333, 0.6849999999999998, 0.6299999999999998, 0.5266666666666666, 0.46861111111111103, 0.45472222222222225, 0.5213888888888889, 0.5858333333333333]

listfEveGenProportion_belongToLocalSearchedIndNeighbor_exceptCurrLocalSearchedInd_AllRunsAve:
[0.0, 0.0, 0.0, 0.006666666666666667, 0.02666666666666667, 0.10833333333333331, 0.29666666666666663, 0.5113888888888889, 0.6627777777777778, 0.7219444444444443, 0.7088888888888889]

listiAveDiversityMetric2EveGen:
[7.0414072022160665, 20.943685133887353, 9.986544783010158, 5.664920590951062, 3.5346638965835644, 2.303653739612188, 1.6698079409048936, 1.4522897156237249, 1.6313895427741827, 1.9896034783801089, 2.295629032713152]

listiAveFitEvaNumByThisGen:
[20, 340, 660, 980, 1300, 1620, 1940, 2260, 2583, 2923, 3293]
------------------------new instance-----------------------------
listiEveGenLocalSearchedIndNum_AllRunsEve:
[0.0, 10.0, 20.0, 30.0, 40.0, 50.0, 60.0, 70.0, 80.0, 90.0, 100.0]

listfEveGenBestIndFitness_AllRunsAve:
[0.08712810051758652, 0.10535784913816328, 0.12678469756473357, 0.15306842293448467, 0.17150080327726966, 0.18596657597655122, 0.1932934417139197, 0.19640601163860025, 0.19837460795861778, 0.19889254038779622, 0.199080904215761]

listEveGenDiversityMetric1_AllRunsAve:
[1.0, 0.9866666666666666, 0.7766666666666666, 0.7433333333333333, 0.6683333333333334, 0.6283333333333334, 0.5816666666666667, 0.47972222222222205, 0.45833333333333326, 0.6022222222222221, 0.5683333333333334]

listfEveGenProportion_belongToLocalSearchedIndNeighbor_exceptCurrLocalSearchedInd_AllRunsAve:
[0.0, 0.0, 0.0, 0.0033333333333333335, 0.03833333333333334, 0.16166666666666663, 0.36166666666666664, 0.5666666666666667, 0.7011111111111109, 0.6022222222222222, 0.7243939393939395]

listiAveDiversityMetric2EveGen:
[7.0414072022160665, 18.222139427516154, 11.402783933518005, 6.0393240997229904, 3.604566020313942, 3.2126869806094187, 2.0702493074792243, 1.9703978894891108, 1.9037671616887841, 2.322898268390694, 2.3376828859603136]

listiAveFitEvaNumByThisGen:
[20, 340, 660, 980, 1300, 1620, 1940, 2260, 2583, 2920, 3300]
------------------------new instance-----------------------------
listiEveGenLocalSearchedIndNum_AllRunsEve:
[0.0, 10.0, 20.0, 30.0, 40.0, 50.0, 60.0, 70.0, 80.0, 90.0, 100.0]

listfEveGenBestIndFitness_AllRunsAve:
[0.09010666909100631, 0.10855992016779017, 0.13564000035155388, 0.16906338254390882, 0.19667620844749814, 0.2199082664942745, 0.23327342471508752, 0.24684735182386236, 0.25449950239221464, 0.2558653684381255, 0.25752728318328116]

listEveGenDiversityMetric1_AllRunsAve:
[1.0, 0.9916666666666666, 0.8149999999999998, 0.7433333333333334, 0.6650000000000001, 0.6150000000000001, 0.5650000000000002, 0.5183333333333332, 0.5377777777777778, 0.5458333333333333, 0.6033333333333334]

listfEveGenProportion_belongToLocalSearchedIndNeighbor_exceptCurrLocalSearchedInd_AllRunsAve:
[0.0, 0.0, 0.0, 0.0016666666666666668, 0.028333333333333332, 0.10999999999999997, 0.3483333333333334, 0.5399999999999998, 0.6258333333333331, 0.7049999999999998, 0.6813888888888889]

listiAveDiversityMetric2EveGen:
[7.0414072022160665, 20.243997229916893, 10.008929824561402, 6.6026851338873485, 4.24644136657433, 2.6222714681440444, 2.231888273314866, 2.0238494921514314, 2.0403894574196704, 2.0693200216791223, 2.4438271381045316]

listiAveFitEvaNumByThisGen:
[20, 340, 660, 980, 1300, 1620, 1940, 2260, 2580, 2920, 3283]
------------------------new instance-----------------------------
