listiEveGenLocalSearchedIndNum_AllRunsEve:
[0.0, 10.0, 20.0, 30.0, 40.0, 50.0, 60.0, 70.0, 80.0, 90.0, 100.0, 110.0, 120.0, 130.0, 140.0, 150.0, 160.0, 170.0, 180.0, 190.0, 200.0, 210.0, 220.0, 230.0, 240.0, 250.0, 260.0, 270.0, 280.0, 290.0, 300.0, 310.0, 320.0, 330.0, 340.0, 350.0, 360.0, 370.0, 380.0, 390.0, 400.0, 410.0, 420.0, 430.0, 440.0, 450.0, 460.0, 470.0, 480.0, 490.0, 500.0]

listfEveGenBestIndFitness_AllRunsAve:
[0.024857489783596046, 0.0271765567680331, 0.031072438986489294, 0.03453714517180095, 0.037788062809794284, 0.04127702695289827, 0.04415308431373031, 0.04765634784708071, 0.050579354785354136, 0.05419386393866478, 0.05726074218362883, 0.06059502047574079, 0.06435505584988974, 0.06774005258544757, 0.07105536310477815, 0.07450716036990665, 0.07774631707186061, 0.08057091102106445, 0.08290480365758246, 0.08497962183042543, 0.08676431854909619, 0.0883691977860763, 0.08966448880378651, 0.090704857891594, 0.09136835324867917, 0.09209874855704445, 0.09221214933388064, 0.09242215721981445, 0.09272449846643857, 0.09278246514130699, 0.09278246514130699, 0.0928404318161754, 0.0928404318161754, 0.09290163362817484, 0.09290163362817484, 0.09290163362817484, 0.09290163362817484, 0.09290163362817484, 0.09308649923302013, 0.09319617345155616, 0.09323205005699062, 0.09323205005699062, 0.09323205005699062, 0.09323205005699062, 0.09323205005699062, 0.0932870199624066, 0.0932870199624066, 0.0932870199624066, 0.0932870199624066, 0.0932870199624066, 0.0932870199624066]

listEveGenDiversityMetric1_AllRunsAve:
[1.0, 1.0, 0.9480000000000001, 0.9269999999999999, 0.861, 0.8299999999999998, 0.749, 0.8280000000000001, 0.7550000000000001, 0.794, 0.751, 0.786, 0.783, 0.789, 0.7879999999999999, 0.75, 0.7450000000000001, 0.731, 0.723, 0.7140000000000001, 0.693, 0.6739999999999998, 0.6380000000000001, 0.6020000000000001, 0.5630000000000001, 0.5389999999999999, 0.5395000000000001, 0.5191666666666667, 0.5298333333333334, 0.5793333333333333, 0.5596666666666666, 0.6071666666666666, 0.5856333333333332, 0.6131619047619047, 0.6236190476190476, 0.6175432539682538, 0.6175619047619048, 0.6197605699855699, 0.6187510101010101, 0.6214384615384616, 0.6273483516483516, 0.6274546287046288, 0.6258240842490842, 0.6204534448394743, 0.6190718370681606, 0.6149365669074647, 0.6120736541107672, 0.6105244532900879, 0.6090746981089088, 0.6101811510000298, 0.6105873470732167]

listfEveGenProportion_belongToLocalSearchedIndNeighbor_exceptCurrLocalSearchedInd_AllRunsAve:
[0.0, 0.0, 0.0, 0.0, 0.0, 0.0, 0.0, 0.0, 0.0, 0.0, 0.001, 0.0, 0.002, 0.018000000000000002, 0.047, 0.1, 0.134, 0.205, 0.267, 0.324, 0.396, 0.43900000000000006, 0.4830000000000001, 0.565, 0.634, 0.6479999999999999, 0.7345, 0.7748333333333333, 0.7803333333333333, 0.7488333333333332, 0.8512500000000001, 0.8272999999999999, 0.8939666666666668, 0.8765809523809522, 0.8962809523809524, 0.9186777777777777, 0.9334190476190477, 0.9418160533910532, 0.9434214646464646, 0.9300939782439783, 0.9133169497169498, 0.906885531135531, 0.9215293040293041, 0.9444805429864254, 0.946586227824463, 0.961773589611283, 0.9650797901616788, 0.9617287753697971, 0.955242105263158, 0.9525743771484045, 0.954511194240542]

listiAveDiversityMetric2EveGen:
[25.16481832466075, 208.7081300275482, 72.87368477910415, 88.706038338945, 57.17791341291705, 56.386377622691555, 59.98980159983675, 43.014290986634016, 13.931364073053771, 12.579709135802469, 5.966272543617999, 5.45642552392613, 2.8623961065197427, 2.145763603713907, 2.016337569635751, 2.069973374145495, 2.1615513396592183, 2.346400599938782, 2.4499318722579324, 2.536141691664116, 2.532467850219366, 2.376894096520763, 2.2981857034996427, 2.3199578247117643, 2.282816214671972, 2.186263749873744, 2.2146974588148503, 2.2458295725892934, 2.5840060330672685, 2.74984903880614, 2.793635978167755, 3.0244857409190895, 3.000969400780068, 3.0789765840180054, 3.094082655201365, 3.081957126766398, 3.084669037339924, 3.1306063618624713, 3.1861601606901244, 3.2682032590911545, 3.3314465125937573, 3.4050397948876174, 3.499903537775327, 3.5698483523171007, 3.609343207593021, 3.6553247278008256, 3.703584442760467, 3.746733128636383, 3.7359327751431075, 3.719488566407155, 3.6843219980309003]

listiAveFitEvaNumByThisGen:
[100, 1200, 2300, 3400, 4500, 5600, 6700, 7800, 8900, 10000, 11100, 12200, 13300, 14400, 15500, 16600, 17700, 18800, 19900, 21000, 22100, 23200, 24300, 25400, 26500, 27600, 28710, 29830, 30980, 32180, 33430, 34710, 36080, 37510, 39040, 40670, 42390, 44210, 46130, 48150, 50270, 52490, 54810, 57230, 59750, 62370, 65090, 67910, 70830, 73850, 76970]
------------------------new instance-----------------------------
listiEveGenLocalSearchedIndNum_AllRunsEve:
[0.0, 10.0, 20.0, 30.0, 40.0, 50.0, 60.0, 70.0, 80.0, 90.0, 100.0, 110.0, 120.0, 130.0, 140.0, 150.0, 160.0, 170.0, 180.0, 190.0, 200.0, 210.0, 220.0, 230.0, 240.0, 250.0, 260.0, 270.0, 280.0, 290.0, 300.0, 310.0, 320.0, 330.0, 340.0, 350.0, 360.0, 370.0, 380.0, 390.0, 400.0, 410.0, 420.0, 430.0, 440.0, 450.0, 460.0, 470.0, 480.0, 490.0, 500.0]

listfEveGenBestIndFitness_AllRunsAve:
[0.02365172901049032, 0.02569567229077912, 0.029854660256218198, 0.033889269343112566, 0.03763371387477602, 0.04188235468129325, 0.04550386913341552, 0.05140644577352708, 0.05510220930591847, 0.05865800629543526, 0.06228461513854531, 0.06584714621885543, 0.06919310121464387, 0.0725190573708392, 0.07547236106091773, 0.0784367966312937, 0.08112401396146494, 0.08364158520410572, 0.0855439483811126, 0.08699196249042915, 0.08804409499214316, 0.08891316866585246, 0.08969653388224036, 0.09027083992038579, 0.09050271976663553, 0.09115704539146179, 0.09130170729582163, 0.09143062889588087, 0.09144879874715982, 0.09146716452847735, 0.09146716452847735, 0.09146716452847735, 0.09146716452847735, 0.09146716452847735, 0.09146716452847735, 0.09146716452847735, 0.09146716452847735, 0.09146716452847735, 0.09146716452847735, 0.09146716452847735, 0.09146716452847735, 0.09146716452847735, 0.09146716452847735, 0.09146716452847735, 0.09146716452847735, 0.09146716452847735, 0.09146716452847735, 0.09146716452847735, 0.09146716452847735, 0.09146716452847735, 0.09146716452847735]

listEveGenDiversityMetric1_AllRunsAve:
[1.0, 1.0, 1.0, 0.9719999999999999, 0.835, 0.8389999999999999, 0.7489999999999999, 0.8629999999999999, 0.749, 0.782, 0.8039999999999999, 0.7979999999999999, 0.7890000000000001, 0.767, 0.771, 0.7680000000000001, 0.7529999999999999, 0.762, 0.748, 0.7250000000000001, 0.6759999999999999, 0.6420000000000001, 0.623, 0.58, 0.5495, 0.533, 0.5008333333333332, 0.5445, 0.5775, 0.559, 0.5439880952380952, 0.5560249999999999, 0.5693499999999999, 0.585704761904762, 0.5917943722943723, 0.5991646825396827, 0.5980636752136753, 0.5991922077922078, 0.598925, 0.5993657245532246, 0.5979160956690369, 0.5975478965478965, 0.5971538847117794, 0.5966626885369533, 0.596593779178338, 0.5966029271038559, 0.5961506642512078, 0.5971537888839746, 0.5948009235209235, 0.5929194082043051, 0.5909325391597131]

listfEveGenProportion_belongToLocalSearchedIndNeighbor_exceptCurrLocalSearchedInd_AllRunsAve:
[0.0, 0.0, 0.0, 0.0, 0.0, 0.0, 0.0, 0.0, 0.005, 0.005, 0.014000000000000002, 0.031, 0.046, 0.076, 0.1, 0.15, 0.205, 0.24500000000000002, 0.288, 0.355, 0.42300000000000004, 0.4800000000000001, 0.568, 0.649, 0.6625, 0.735, 0.758, 0.75425, 0.7495999999999998, 0.8135, 0.8660119047619048, 0.8784833333333333, 0.8861555555555555, 0.903947619047619, 0.9194307359307361, 0.9320392857142858, 0.9341123931623931, 0.946382683982684, 0.9566181818181818, 0.9587307692307693, 0.96238779357897, 0.9658889665889667, 0.9690697055137845, 0.970555693815988, 0.9706694094304387, 0.9710056571911061, 0.9738931826849733, 0.974233911985847, 0.9768615151515151, 0.9768668791163071, 0.9773395805884937]

listiAveDiversityMetric2EveGen:
[25.16481832466075, 219.9992731884501, 96.24160880726457, 84.37089905927967, 59.0216845097439, 47.55388971737578, 18.59999707376798, 16.323164387307415, 13.916899614325066, 4.032461985511683, 4.232445766758495, 4.517884452606877, 4.209955424956638, 2.8606346699316396, 2.6157097398224667, 2.592178487909397, 2.9208322783389447, 3.451145001530456, 3.190357049280686, 3.1650704703601678, 2.947607456382001, 2.690653214978064, 2.677708352208959, 2.7016613039485766, 2.846801831487741, 2.8313421444705753, 2.6382524924839386, 2.5544351908703864, 2.569328983708408, 2.6719819309211403, 2.746391064807215, 2.8324916863361245, 2.917877680077445, 2.9838623854183886, 3.0705127813608035, 3.086605416497023, 3.0807498363989354, 3.1104864395594527, 3.1431804864288653, 3.17243224760343, 3.1887424162033366, 3.2317551120830705, 3.2624024586533125, 3.2893227359722266, 3.3200909001708454, 3.3692811717894955, 3.392381163878354, 3.430960445909806, 3.4417050307569665, 3.4634596089793512, 3.484406011349209]

listiAveFitEvaNumByThisGen:
[100, 1200, 2300, 3400, 4500, 5600, 6700, 7800, 8900, 10000, 11100, 12200, 13300, 14400, 15500, 16600, 17700, 18800, 19900, 21000, 22100, 23200, 24300, 25400, 26500, 27610, 28730, 29860, 31020, 32230, 33490, 34810, 36200, 37680, 39260, 40940, 42720, 44600, 46580, 48660, 50840, 53120, 55500, 57980, 60560, 63240, 66020, 68900, 71880, 74960, 78140]
------------------------new instance-----------------------------
listiEveGenLocalSearchedIndNum_AllRunsEve:
[0.0, 10.0, 20.0, 30.0, 40.0, 50.0, 60.0, 70.0, 80.0, 90.0, 100.0, 110.0, 120.0, 130.0, 140.0, 150.0, 160.0, 170.0, 180.0, 190.0, 200.0, 210.0, 220.0, 230.0, 240.0, 250.0, 260.0, 270.0, 280.0, 290.0, 300.0, 310.0, 320.0, 330.0, 340.0, 350.0, 360.0, 370.0, 380.0, 390.0, 400.0, 410.0, 420.0, 430.0, 440.0, 450.0, 460.0, 470.0, 480.0, 490.0, 500.0]

listfEveGenBestIndFitness_AllRunsAve:
[0.02508228757422921, 0.026936126541644005, 0.03086168275480201, 0.035714536768606545, 0.039029893611421715, 0.04296331727429422, 0.04628742701364218, 0.04964753903525888, 0.05348525639070882, 0.05724314828899021, 0.06089540223669008, 0.06418352695631621, 0.0675694327912566, 0.07072646085510928, 0.07368882250911687, 0.07623023790575768, 0.07843835971247867, 0.08075033743402013, 0.08256257727207765, 0.08424656452399465, 0.0854845018648707, 0.08683381466652362, 0.08751103155169983, 0.08768812433079455, 0.08831653745822811, 0.0885113040599154, 0.08851145059537882, 0.08868561768150027, 0.088708833777316, 0.08880864260578988, 0.08884403634300837, 0.08900794653086157, 0.089015626443367, 0.08904247013819855, 0.08904247013819855, 0.08908656139301906, 0.08910756829014974, 0.08910756829014974, 0.08910756829014974, 0.08911039890088122, 0.08911039890088122, 0.08927080395159992, 0.08927363456233142, 0.08927564145924281, 0.08927564145924281, 0.08927564145924281, 0.08927564145924281, 0.08927564145924281, 0.08927564145924281, 0.08943604650996151, 0.0895964515606802]

listEveGenDiversityMetric1_AllRunsAve:
[1.0, 1.0, 0.9710000000000001, 0.966, 0.833, 0.834, 0.7979999999999999, 0.8240000000000002, 0.836, 0.82, 0.8089999999999999, 0.777, 0.7620000000000001, 0.74, 0.736, 0.7579999999999999, 0.764, 0.764, 0.7710000000000001, 0.746, 0.7470000000000001, 0.7490000000000001, 0.7060000000000001, 0.641, 0.626, 0.6380000000000001, 0.6305, 0.6303333333333333, 0.6199999999999999, 0.6210333333333333, 0.6432833333333334, 0.6631404761904762, 0.6536416666666667, 0.6670753968253968, 0.6720119047619046, 0.6750603535353535, 0.678269191919192, 0.6764917249417249, 0.6750977910977911, 0.6716531135531134, 0.6690300782550782, 0.665700350140056, 0.66651307817999, 0.6684327485380117, 0.6682147918816649, 0.6650177736006684, 0.6656611267473497, 0.6666117949683167, 0.6640798451167446, 0.663027114624506, 0.662153608058608]

listfEveGenProportion_belongToLocalSearchedIndNeighbor_exceptCurrLocalSearchedInd_AllRunsAve:
[0.0, 0.0, 0.0, 0.0, 0.0, 0.0, 0.0, 0.0, 0.0, 0.003, 0.005, 0.019, 0.041, 0.073, 0.10400000000000001, 0.128, 0.15800000000000003, 0.21999999999999997, 0.3, 0.321, 0.361, 0.46299999999999997, 0.49000000000000005, 0.6559999999999999, 0.6990000000000001, 0.6655, 0.7335, 0.8106666666666665, 0.8021666666666667, 0.8385833333333332, 0.8303499999999999, 0.8285833333333334, 0.8721535714285714, 0.8706250000000001, 0.8976710317460318, 0.8961982323232324, 0.9187424963924965, 0.9250499999999999, 0.9207789155289154, 0.9365410256410257, 0.9446042748917749, 0.9520891456582632, 0.9533610671191554, 0.9445667201090963, 0.9530010663914688, 0.9526669277360066, 0.9476859702732767, 0.9528176987263942, 0.9658698970747025, 0.966594393939394, 0.9645738381907947]

listiAveDiversityMetric2EveGen:
[25.16481832466075, 317.13896290990715, 198.27659726150395, 116.58163670645854, 94.63900513825119, 36.342537806346286, 22.835233568003265, 18.26908250586675, 24.314358502193652, 22.77913227221712, 21.955870188756258, 13.212243089480666, 9.419148560350985, 5.20830209570452, 5.084696798285888, 5.017572590551984, 4.089603301703908, 3.8641103275176008, 2.808333823079278, 2.5742866850321398, 2.6421019855116823, 3.0253744311804915, 2.933979785736149, 2.930794021018263, 3.256552512277497, 3.5221941673434842, 3.73431757264087, 3.828573048257833, 4.011228218028089, 4.08457405555035, 4.189520439228958, 4.3851250225520335, 4.377745416491067, 4.540926629897349, 4.529563421880896, 4.542512554721169, 4.554946398355789, 4.561664841728519, 4.561994834073159, 4.591662464295124, 4.599302368236082, 4.601390508414856, 4.6365310728169415, 4.745958430217848, 4.803538480987324, 4.859772816835159, 4.861099672027315, 4.894772798319023, 4.937916359487302, 4.9567112562161615, 4.965137401595303]

listiAveFitEvaNumByThisGen:
[100, 1200, 2300, 3400, 4500, 5600, 6700, 7800, 8900, 10000, 11100, 12200, 13300, 14400, 15500, 16600, 17700, 18800, 19900, 21000, 22100, 23200, 24300, 25400, 26500, 27630, 28790, 29990, 31220, 32500, 33840, 35270, 36790, 38370, 40050, 41830, 43710, 45690, 47770, 49950, 52230, 54610, 57090, 59670, 62350, 65130, 68010, 70990, 74070, 77250, 80530]
------------------------new instance-----------------------------
listiEveGenLocalSearchedIndNum_AllRunsEve:
[0.0, 10.0, 20.0, 30.0, 40.0, 50.0, 60.0, 70.0, 80.0, 90.0, 100.0, 110.0, 120.0, 130.0, 140.0, 150.0, 160.0, 170.0, 180.0, 190.0, 200.0, 210.0, 220.0, 230.0, 240.0, 250.0, 260.0, 270.0, 280.0, 290.0, 300.0, 310.0, 320.0, 330.0, 340.0, 350.0, 360.0, 370.0, 380.0, 390.0, 400.0, 410.0, 420.0, 430.0, 440.0, 450.0, 460.0, 470.0, 480.0, 490.0, 500.0]

listfEveGenBestIndFitness_AllRunsAve:
[0.02551477075433723, 0.02733246560793931, 0.03174233143573947, 0.03591565154373503, 0.03926468220933362, 0.04324149342920649, 0.04687973187798077, 0.05042273297714942, 0.053574584977037966, 0.056650201717673834, 0.06049926653095714, 0.06370979482572281, 0.06680012616689658, 0.06966102118687185, 0.07279963310171296, 0.07538484118581272, 0.07774000144001944, 0.07979803663077972, 0.08118194678358813, 0.08237955469260128, 0.08288428965135666, 0.08379043345818657, 0.08479273749589053, 0.08522122343945952, 0.08558354136283618, 0.0857877236848929, 0.0860591877127197, 0.08627674531449829, 0.08651233258182651, 0.08662226062220649, 0.08666971143696213, 0.0866745658122173, 0.0866745658122173, 0.08674302114406907, 0.08674302114406907, 0.08675772417132091, 0.08676257854657608, 0.08676257854657608, 0.0867923297965291, 0.0867923297965291, 0.08679718417178428, 0.08679718417178428, 0.08679718417178428, 0.08679718417178428, 0.08679718417178428, 0.08679718417178428, 0.08679718417178428, 0.08679718417178428, 0.08679718417178428, 0.08679718417178428, 0.08679718417178428]

listEveGenDiversityMetric1_AllRunsAve:
[1.0, 1.0, 0.944, 0.909, 0.795, 0.8480000000000001, 0.808, 0.804, 0.769, 0.789, 0.826, 0.8109999999999999, 0.8219999999999998, 0.8310000000000001, 0.817, 0.783, 0.7619999999999999, 0.759, 0.76, 0.7150000000000001, 0.66, 0.6144999999999998, 0.6005, 0.6066666666666667, 0.5853333333333334, 0.5820000000000001, 0.5504, 0.5844999999999999, 0.5948809523809524, 0.5902916666666667, 0.5819444444444446, 0.6003666666666667, 0.5979902597402598, 0.6094583333333333, 0.6416289377289377, 0.6341238095238094, 0.6291816378066378, 0.6319884920634921, 0.6237395676219206, 0.6286448773448774, 0.6259769537480063, 0.6233840284715285, 0.6211463585434173, 0.6191976551226552, 0.618836672991088, 0.6180305555555556, 0.6161762572987728, 0.6160473888684416, 0.6138539313724667, 0.6156765379357485, 0.6152741871272156]

listfEveGenProportion_belongToLocalSearchedIndNeighbor_exceptCurrLocalSearchedInd_AllRunsAve:
[0.0, 0.0, 0.0, 0.0, 0.0, 0.0, 0.0, 0.0, 0.0, 0.0, 0.002, 0.011, 0.02, 0.025, 0.06, 0.11800000000000002, 0.174, 0.223, 0.264, 0.36500000000000005, 0.44799999999999995, 0.5345000000000001, 0.5425, 0.5493333333333333, 0.6356666666666666, 0.65425, 0.7606, 0.7333333333333332, 0.7712142857142856, 0.79575, 0.8288999999999997, 0.8227, 0.8728660173160174, 0.8772500000000001, 0.8543016483516483, 0.8853392857142858, 0.919563455988456, 0.9224515873015873, 0.9442978998126058, 0.9422049062049063, 0.9469665439823336, 0.9465688936063936, 0.9538151368239605, 0.9646070665445665, 0.966457745413192, 0.965363316993464, 0.9673395874490145, 0.9715985798687035, 0.9735462650029012, 0.9729759626338573, 0.9755898947928632]

listiAveDiversityMetric2EveGen:
[25.16481832466075, 327.1894506601367, 126.92175449443934, 88.37350490766251, 76.14717905519845, 48.429607901234576, 42.97614265074993, 32.88116746454443, 20.50024444852566, 9.743464499540861, 13.195214933170083, 7.897319028670545, 6.541316359555147, 6.131905038261402, 6.109177316600347, 4.372017520661157, 3.7388221201918173, 3.1528874441383534, 2.4023224160799925, 2.38105547597184, 2.4698640995816747, 2.69012296001186, 2.8134677152748857, 3.2854317006020053, 3.075863208972158, 3.0610832565295727, 3.180106481191927, 3.5202075159408297, 3.7412798819825297, 3.921168781412571, 4.168781871158246, 4.317775891729413, 4.323371108469318, 4.412143752241494, 4.34547028751477, 4.295843091073955, 4.238557364936119, 4.233176720739435, 4.304111467129077, 4.347645385856299, 4.376365160179056, 4.325274798426595, 4.320366166209261, 4.325928260576747, 4.324542951416668, 4.344353222328248, 4.377788869183691, 4.376758203510668, 4.378359123617522, 4.427946811500371, 4.466613902984464]

listiAveFitEvaNumByThisGen:
[100, 1200, 2300, 3400, 4500, 5600, 6700, 7800, 8900, 10000, 11100, 12200, 13300, 14400, 15500, 16600, 17700, 18800, 19900, 21000, 22100, 23200, 24310, 25420, 26540, 27660, 28800, 29950, 31150, 32390, 33680, 35010, 36400, 37850, 39380, 41010, 42730, 44540, 46450, 48450, 50550, 52750, 55050, 57450, 59950, 62550, 65250, 68050, 70950, 73950, 77050]
------------------------new instance-----------------------------
listiEveGenLocalSearchedIndNum_AllRunsEve:
[0.0, 10.0, 20.0, 30.0, 40.0, 50.0, 60.0, 70.0, 80.0, 90.0, 100.0, 110.0, 120.0, 130.0, 140.0, 150.0, 160.0, 170.0, 180.0, 190.0, 200.0, 210.0, 220.0, 230.0, 240.0, 250.0, 260.0, 270.0, 280.0, 290.0, 300.0, 310.0, 320.0, 330.0, 340.0, 350.0, 360.0, 370.0, 380.0, 390.0, 400.0, 410.0, 420.0, 430.0, 440.0, 450.0, 460.0, 470.0, 480.0, 490.0, 500.0]

listfEveGenBestIndFitness_AllRunsAve:
[0.02409085659090717, 0.0259442036244558, 0.029319605428740663, 0.03283354810774049, 0.03599585988113121, 0.03910746816987058, 0.041927388427609145, 0.045310613269728815, 0.04826692197999429, 0.051229688924548024, 0.05404695587126326, 0.05712774857178262, 0.06005249871762053, 0.0629621357420449, 0.06564179213464821, 0.06833558206714378, 0.07035783327566508, 0.07222620494407339, 0.0734981152546301, 0.07502479089391165, 0.07601084702405488, 0.07652311142037019, 0.07707284476703642, 0.07761043457583175, 0.07799235163121562, 0.07807253604469941, 0.0785795027592999, 0.07884536297226978, 0.07902506907632542, 0.07915405707246932, 0.07918590346349373, 0.07924908854967064, 0.0793103003024749, 0.0793103003024749, 0.0793103003024749, 0.07935064846215384, 0.07938534122110438, 0.07938534122110438, 0.07938534122110438, 0.07941757963735785, 0.07947982476092673, 0.07951451751987727, 0.07951451751987727, 0.07951451751987727, 0.07951451751987727, 0.07951451751987727, 0.07954921027882782, 0.07954921027882782, 0.07954921027882782, 0.07954921027882782, 0.07954921027882782]

listEveGenDiversityMetric1_AllRunsAve:
[1.0, 1.0, 0.982, 0.9590000000000002, 0.842, 0.818, 0.779, 0.8029999999999999, 0.746, 0.758, 0.781, 0.8200000000000001, 0.819, 0.8110000000000002, 0.796, 0.784, 0.7870000000000001, 0.768, 0.8089999999999999, 0.7790000000000001, 0.7909999999999999, 0.7689999999999999, 0.6979999999999998, 0.6745000000000001, 0.6585, 0.6324999999999998, 0.6401666666666668, 0.6350833333333332, 0.6512499999999999, 0.6236333333333334, 0.6256428571428571, 0.6272940476190476, 0.6343944444444445, 0.633915873015873, 0.6416023809523811, 0.6485828282828283, 0.656779242979243, 0.6590670412920414, 0.6615409812409813, 0.6626665598290599, 0.6606270790484026, 0.6583793268822681, 0.6573503271582217, 0.6537416534832557, 0.6548967607555842, 0.6535699390521759, 0.6545079643350996, 0.6542549090650753, 0.6518745338167165, 0.6508993135367048, 0.651119447308349]

listfEveGenProportion_belongToLocalSearchedIndNeighbor_exceptCurrLocalSearchedInd_AllRunsAve:
[0.0, 0.0, 0.0, 0.0, 0.0, 0.0, 0.0, 0.0, 0.0, 0.0, 0.0, 0.002, 0.017, 0.049, 0.091, 0.121, 0.157, 0.22800000000000004, 0.275, 0.332, 0.361, 0.41200000000000003, 0.578, 0.645, 0.6815, 0.7416666666666668, 0.7231666666666665, 0.742, 0.7339833333333333, 0.8092333333333332, 0.7984523809523809, 0.8247845238095239, 0.832325, 0.8640460317460317, 0.8767806277056277, 0.903380303030303, 0.9136473137973139, 0.9135696137196136, 0.9193655483405483, 0.9370364316239316, 0.9435563469210528, 0.9486695526695528, 0.949154235676604, 0.9542832557921954, 0.9547991165697048, 0.9502351351864509, 0.9526808023021982, 0.9568783471359558, 0.9579892288877273, 0.9572089248051722, 0.9637525363948705]

listiAveDiversityMetric2EveGen:
[25.16481832466075, 228.5673257341088, 166.1923731904908, 158.82925842669118, 106.30301816957456, 67.03566400979491, 40.60978795224976, 29.908485207631873, 18.08631793082339, 13.588798893990411, 6.4962509621467195, 7.830567240077544, 7.067674731149883, 6.40001805530048, 5.892995045403531, 5.1837059279665345, 4.724633180287725, 4.429758057341088, 4.465741581471279, 4.198337373737374, 3.3261379859198037, 3.2564426854402613, 3.2719541924293445, 3.67149954750323, 3.8288654055927602, 3.4868007441333217, 3.571465628725741, 3.4640928751853806, 3.588557400912921, 3.6165964769773056, 3.7230888159468956, 3.7446098595560144, 3.938821111791158, 4.000869867413182, 4.094996765115178, 4.188949349873645, 4.263069579749259, 4.348600535955152, 4.48020672810637, 4.623683578804038, 4.707734950453503, 4.689216795510815, 4.735699591768869, 4.786420626474845, 4.8840731621382405, 4.9182781647321585, 4.953136617256575, 4.967258554739455, 4.957007482043816, 4.962734400139086, 4.980190832312971]

listiAveFitEvaNumByThisGen:
[100, 1200, 2300, 3400, 4500, 5600, 6700, 7800, 8900, 10000, 11100, 12200, 13300, 14400, 15500, 16600, 17700, 18800, 19900, 21000, 22100, 23200, 24300, 25400, 26520, 27660, 28830, 30040, 31280, 32570, 33900, 35280, 36710, 38210, 39780, 41440, 43200, 45060, 47020, 49080, 51240, 53500, 55860, 58320, 60880, 63540, 66300, 69160, 72120, 75180, 78340]
------------------------new instance-----------------------------
listiEveGenLocalSearchedIndNum_AllRunsEve:
[0.0, 10.0, 20.0, 30.0, 40.0, 50.0, 60.0, 70.0, 80.0, 90.0, 100.0, 110.0, 120.0, 130.0, 140.0, 150.0, 160.0, 170.0, 180.0, 190.0, 200.0, 210.0, 220.0, 230.0, 240.0, 250.0, 260.0, 270.0, 280.0, 290.0, 300.0, 310.0, 320.0, 330.0, 340.0, 350.0, 360.0, 370.0, 380.0, 390.0, 400.0, 410.0, 420.0, 430.0, 440.0, 450.0, 460.0, 470.0, 480.0, 490.0, 500.0]

listfEveGenBestIndFitness_AllRunsAve:
[0.024803792918998997, 0.02706482240527596, 0.031323495052529335, 0.035279711458591746, 0.03821772751310497, 0.04112708854166158, 0.04418370061913406, 0.048289471226245044, 0.05256418388590763, 0.05613767941114064, 0.05959488824399038, 0.0628415310765118, 0.06590655397289488, 0.0691239209052079, 0.07196639716993107, 0.07449824503100619, 0.07699594900824817, 0.07923212426330957, 0.08090374087374197, 0.08209305356903267, 0.08358561518090946, 0.08453797852985526, 0.08515454702698774, 0.08569953181551118, 0.08653750434353144, 0.08675580639005596, 0.08739878329213224, 0.08754468473334787, 0.08772451846421547, 0.08778018460438806, 0.08784016975157569, 0.08784016975157569, 0.08807046413558274, 0.08819599891574828, 0.08827482665025357, 0.08838252529570591, 0.08844527355765021, 0.08844527355765021, 0.08846819589388688, 0.08847238377514509, 0.08847238377514509, 0.08847238377514509, 0.08847238377514509, 0.08847238377514509, 0.08847238377514509, 0.08847238377514509, 0.08847238377514509, 0.08847238377514509, 0.08847238377514509, 0.08847238377514509, 0.08847238377514509]

listEveGenDiversityMetric1_AllRunsAve:
[1.0, 1.0, 0.967, 0.975, 0.8220000000000001, 0.7749999999999999, 0.7819999999999999, 0.8310000000000001, 0.7900000000000001, 0.7649999999999999, 0.8130000000000001, 0.8210000000000001, 0.812, 0.783, 0.764, 0.754, 0.76, 0.7350000000000001, 0.748, 0.731, 0.7030000000000001, 0.714, 0.716, 0.628, 0.6034999999999999, 0.6519999999999999, 0.6315, 0.6326666666666666, 0.5809166666666667, 0.5791666666666668, 0.6024999999999999, 0.6077000000000001, 0.6223571428571429, 0.6329761904761905, 0.6341222222222223, 0.6471722222222221, 0.6601471861471861, 0.6689642857142857, 0.6708255494505495, 0.6661113858363857, 0.665787950937951, 0.6621700757575757, 0.663486013986014, 0.6607958593693888, 0.6592731315468157, 0.6580361528822054, 0.6582667717086835, 0.6587233214497921, 0.6589376589967518, 0.658177250190694, 0.6571975033738191]

listfEveGenProportion_belongToLocalSearchedIndNeighbor_exceptCurrLocalSearchedInd_AllRunsAve:
[0.0, 0.0, 0.0, 0.0, 0.0, 0.0, 0.0, 0.0, 0.0, 0.003, 0.01, 0.015, 0.033, 0.05, 0.08600000000000001, 0.144, 0.189, 0.255, 0.29500000000000004, 0.31899999999999995, 0.43999999999999995, 0.449, 0.47050000000000003, 0.6094999999999999, 0.6594999999999999, 0.611, 0.7426666666666667, 0.7155, 0.7686666666666666, 0.7836666666666666, 0.8075000000000001, 0.8321333333333332, 0.8591785714285713, 0.8469702380952381, 0.879961111111111, 0.8466055555555554, 0.8689290043290043, 0.8828782467532468, 0.8981225579975582, 0.9221208485958485, 0.9302035353535352, 0.9292799242424241, 0.938026780817222, 0.9451402355814121, 0.9511500803290277, 0.956796522556391, 0.9568870798319328, 0.9529661934470758, 0.9578246810547254, 0.9656604055428428, 0.9708280778870251]

listiAveDiversityMetric2EveGen:
[25.16481832466075, 329.8264758575656, 156.5602646056525, 114.54307109070506, 94.66463953474135, 85.5893748352209, 66.2380366493215, 55.14228678706256, 35.94920295071931, 13.50998543822059, 14.908279657177838, 13.004632759922458, 11.326754706662584, 6.121176018773594, 5.1876844403632285, 4.510232743597592, 3.901817602285481, 3.3216006856443214, 3.1467991184573005, 2.7794907172737475, 2.7194300132639526, 2.4631323660850937, 2.581056299108219, 2.6379792166028673, 2.95763226579787, 3.3539381186943884, 3.372975730299243, 3.345421486853872, 3.1174128111323167, 3.0460728396029992, 3.1162414892334938, 3.2409145725684554, 3.4278150041361237, 3.5119352393805947, 3.68034577103289, 3.6754913791861674, 3.561160400554762, 3.483614566794496, 3.5228551704241218, 3.594118164304807, 3.6254875563067843, 3.645814582552424, 3.6810508608835413, 3.6721555802842523, 3.714779905200719, 3.7228436627709676, 3.7182926297871326, 3.7191143877316906, 3.725265918091948, 3.7554205959336207, 3.793184147810264]

listiAveFitEvaNumByThisGen:
[100, 1200, 2300, 3400, 4500, 5600, 6700, 7800, 8900, 10000, 11100, 12200, 13300, 14400, 15500, 16600, 17700, 18800, 19900, 21000, 22100, 23200, 24300, 25410, 26520, 27640, 28790, 29950, 31140, 32360, 33620, 34940, 36320, 37770, 39290, 40880, 42560, 44320, 46170, 48110, 50140, 52270, 54490, 56810, 59230, 61750, 64370, 67090, 69910, 72830, 75850]
------------------------new instance-----------------------------
listiEveGenLocalSearchedIndNum_AllRunsEve:
[0.0, 10.0, 20.0, 30.0, 40.0, 50.0, 60.0, 70.0, 80.0, 90.0, 100.0, 110.0, 120.0, 130.0, 140.0, 150.0, 160.0, 170.0, 180.0, 190.0, 200.0, 210.0, 220.0, 230.0, 240.0, 250.0, 260.0, 270.0, 280.0, 290.0, 300.0, 310.0, 320.0, 330.0, 340.0, 350.0, 360.0, 370.0, 380.0, 390.0, 400.0, 410.0, 420.0, 430.0, 440.0, 450.0, 460.0, 470.0, 480.0, 490.0, 500.0]

listfEveGenBestIndFitness_AllRunsAve:
[0.02540369830725559, 0.027406467096026225, 0.031352528914541586, 0.03538000080354422, 0.039732527862143534, 0.04277360678809985, 0.047228356456966505, 0.05045501960273659, 0.05465317608020147, 0.058303425699285136, 0.062068729731181514, 0.06565797365224883, 0.06913526747583691, 0.0721742236369576, 0.0752608787456294, 0.07787486773990548, 0.08036383474350225, 0.08248821806350726, 0.08419682871595591, 0.08525096361676678, 0.08634379452337079, 0.08714865417864412, 0.08783590730192506, 0.0882746537137982, 0.0886647325903851, 0.08894340634095156, 0.08907880658531393, 0.0891712172256223, 0.08918396517521605, 0.08919236690002219, 0.08919236690002219, 0.08919694904851876, 0.08919694904851876, 0.08919705959768139, 0.08919705959768139, 0.08925376117288597, 0.08946960848814244, 0.08946960848814244, 0.08947801021294857, 0.08947801021294857, 0.08947801021294857, 0.08947801021294857, 0.08985524318944152, 0.08985524318944152, 0.08985524318944152, 0.08986537738023918, 0.08986537738023918, 0.08995678380970214, 0.08995678380970214, 0.09000855064069122, 0.09000855064069122]

listEveGenDiversityMetric1_AllRunsAve:
[1.0, 1.0, 0.9949999999999999, 0.9610000000000001, 0.875, 0.7330000000000001, 0.861, 0.807, 0.82, 0.781, 0.755, 0.783, 0.793, 0.7759999999999999, 0.715, 0.742, 0.736, 0.742, 0.736, 0.708, 0.71, 0.6709999999999999, 0.6639999999999999, 0.628, 0.5974999999999999, 0.566, 0.5483333333333335, 0.5603333333333333, 0.5365833333333333, 0.5736666666666667, 0.5763333333333334, 0.5833928571428572, 0.6072821428571429, 0.6141944444444445, 0.6413468253968254, 0.6518691558441558, 0.6560023448773449, 0.6595544871794872, 0.6563114274614275, 0.6546789321789321, 0.6536665015540015, 0.6569649068252009, 0.6614275443510738, 0.6618651703559599, 0.6575696502285125, 0.6568604269913094, 0.655241557548059, 0.6551100187498895, 0.6565727815916602, 0.6550923058314235, 0.6530362638810463]

listfEveGenProportion_belongToLocalSearchedIndNeighbor_exceptCurrLocalSearchedInd_AllRunsAve:
[0.0, 0.0, 0.0, 0.0, 0.0, 0.0, 0.0, 0.0, 0.0, 0.001, 0.005, 0.014000000000000002, 0.028000000000000004, 0.06300000000000001, 0.13000000000000003, 0.16899999999999998, 0.192, 0.24099999999999996, 0.292, 0.334, 0.375, 0.47300000000000003, 0.5039999999999999, 0.584, 0.6165, 0.6515000000000001, 0.7071666666666667, 0.7403333333333334, 0.8162499999999999, 0.7750833333333333, 0.8216333333333333, 0.8614761904761904, 0.8530821428571429, 0.8715527777777778, 0.8774753968253968, 0.8965291125541126, 0.9125889249639251, 0.9160737484737485, 0.9220083472083471, 0.9272029581529582, 0.9349615675990677, 0.9400222942906767, 0.9414151619622209, 0.9403674619970672, 0.9395556888544891, 0.9442435753788695, 0.94989943329804, 0.9516677408762547, 0.950702242926156, 0.952897066932036, 0.9550110821062994]

listiAveDiversityMetric2EveGen:
[25.16481832466075, 334.2880916926844, 220.40303202938472, 142.22806161820222, 87.81830162636466, 23.51179114376084, 27.196265393327206, 29.36208001224365, 33.287186058565446, 25.673599379655137, 8.151354384246503, 6.391473437404346, 2.9876146270788686, 2.375536973778186, 2.078449799000102, 2.1736272298745027, 2.173275053565963, 2.191831188654219, 2.2767075073972043, 2.6099396959493926, 2.6656312172227326, 2.9161631670237727, 2.8995287419651055, 2.8551336598306296, 3.011232011213858, 3.0329523659093782, 2.7373150047544224, 3.0454961841088526, 3.2618909497385986, 3.808398539655495, 3.9249077853838465, 4.04263371077343, 4.215392592649087, 4.415062879794689, 4.49666286993494, 4.595307227590218, 4.651179916178011, 4.782796681826311, 4.844780588358986, 4.845374342796204, 4.755036544450651, 4.686546366294424, 4.6812267535051335, 4.731507802987092, 4.8478645984735245, 4.990502737554728, 4.965107571118976, 4.949571211111591, 4.912603896641286, 4.868226470569747, 4.889861713064898]

listiAveFitEvaNumByThisGen:
[100, 1200, 2300, 3400, 4500, 5600, 6700, 7800, 8900, 10000, 11100, 12200, 13300, 14400, 15500, 16600, 17700, 18800, 19900, 21000, 22100, 23200, 24300, 25400, 26500, 27620, 28750, 29900, 31080, 32280, 33540, 34850, 36220, 37670, 39200, 40830, 42560, 44390, 46320, 48350, 50470, 52680, 54980, 57380, 59880, 62480, 65180, 67980, 70880, 73880, 76980]
------------------------new instance-----------------------------
listiEveGenLocalSearchedIndNum_AllRunsEve:
[0.0, 10.0, 20.0, 30.0, 40.0, 50.0, 60.0, 70.0, 80.0, 90.0, 100.0, 110.0, 120.0, 130.0, 140.0, 150.0, 160.0, 170.0, 180.0, 190.0, 200.0, 210.0, 220.0, 230.0, 240.0, 250.0, 260.0, 270.0, 280.0, 290.0, 300.0, 310.0, 320.0, 330.0, 340.0, 350.0, 360.0, 370.0, 380.0, 390.0, 400.0, 410.0, 420.0, 430.0, 440.0, 450.0, 460.0, 470.0, 480.0, 490.0, 500.0]

listfEveGenBestIndFitness_AllRunsAve:
[0.024459665711004552, 0.02637399536220785, 0.030277299358676263, 0.03453968169520847, 0.037460411115383056, 0.04172310499260057, 0.045095145861595624, 0.0484610067139808, 0.05204643868204696, 0.05527518814846287, 0.05863116830513697, 0.061785316984997916, 0.06495079872508093, 0.06811225733206888, 0.07111523367669083, 0.07377356383045999, 0.07661881171075094, 0.07890327517814162, 0.0805157763079229, 0.08170891950587553, 0.08270556444166491, 0.08338065741003713, 0.08372391283233127, 0.08415985699798473, 0.08446900027402787, 0.08447156203536602, 0.08447412379670417, 0.08448060059287593, 0.08448060059287593, 0.08448060059287593, 0.08448060059287593, 0.08448612887600485, 0.08448612887600485, 0.08448869063734299, 0.08448869063734299, 0.08448869063734299, 0.08448869063734299, 0.08448869063734299, 0.08469885114668894, 0.084704130078121, 0.08473878489005277, 0.08473878489005277, 0.08477087794064639, 0.08477087794064639, 0.08477087794064639, 0.0847799164981563, 0.0847799164981563, 0.0847799164981563, 0.0847799164981563, 0.0847799164981563, 0.0847799164981563]

listEveGenDiversityMetric1_AllRunsAve:
[1.0, 1.0, 0.969, 0.9400000000000001, 0.781, 0.826, 0.766, 0.719, 0.7470000000000001, 0.759, 0.787, 0.82, 0.8069999999999998, 0.785, 0.78, 0.7610000000000001, 0.754, 0.742, 0.7280000000000001, 0.6619999999999999, 0.6280000000000001, 0.5854999999999999, 0.5344999999999999, 0.6108333333333333, 0.53625, 0.5477333333333333, 0.5016666666666667, 0.4908571428571428, 0.51535, 0.56455, 0.5230833333333333, 0.5476634199134198, 0.5656333333333332, 0.56002442002442, 0.5623560606060607, 0.5699616161616161, 0.572584829059829, 0.5778801551389786, 0.5841370851370852, 0.5868071018893387, 0.585602268728004, 0.5904507299889652, 0.5898526847421584, 0.5911406478336803, 0.5947937082525319, 0.5957240798967115, 0.5976930602673451, 0.5962607416879795, 0.5919199541634835, 0.5926546544455659, 0.592471924446009]

listfEveGenProportion_belongToLocalSearchedIndNeighbor_exceptCurrLocalSearchedInd_AllRunsAve:
[0.0, 0.0, 0.0, 0.0, 0.0, 0.0, 0.0, 0.0, 0.001, 0.0, 0.012, 0.009, 0.032, 0.077, 0.121, 0.165, 0.20500000000000002, 0.252, 0.264, 0.36800000000000005, 0.509, 0.5455, 0.6729999999999999, 0.5756666666666667, 0.7442499999999999, 0.7316, 0.8033333333333335, 0.8615714285714284, 0.8506, 0.7879277777777778, 0.9004452380952381, 0.8906443722943724, 0.871725, 0.8841028083028082, 0.9133352813852813, 0.9219090909090909, 0.9408782051282051, 0.9545023878082702, 0.94443373015873, 0.9546456590193433, 0.9384041828269771, 0.9266276642475171, 0.9427589978734716, 0.9544637107782737, 0.9524113050348344, 0.9554754947976003, 0.9530414805732026, 0.9599215865573285, 0.962846492657669, 0.9680390462920914, 0.9667180853005796]

listiAveDiversityMetric2EveGen:
[25.16481832466075, 129.52375389450054, 114.7149466217733, 64.2482778573615, 60.32880592592593, 42.51534042240587, 25.102835229058257, 11.054344368941944, 9.307262393633303, 5.736332366085094, 5.942505650443833, 6.070073376186103, 5.174333929190899, 2.877560134680135, 3.1808128843995513, 2.931026548311397, 2.935961330476482, 2.973490623405775, 2.0898100071421286, 2.143276188144067, 2.151421712070197, 2.199569987380472, 2.3430571317759825, 2.528494385302302, 2.4532751805734727, 2.6014327543955362, 2.6270028513553427, 2.5955982544495777, 3.0486296936307977, 2.8886139221740654, 2.8450794079728445, 2.9504040903357636, 2.983334410395044, 3.0856267270481004, 3.0582713392849135, 3.101833049422649, 3.1552125520304024, 3.2118827208689757, 3.2780629052191124, 3.3393911122387365, 3.4475570422087842, 3.431145541284316, 3.5085539989285452, 3.5219836063976713, 3.57107518677916, 3.573368607476838, 3.5753183834154205, 3.612090016592353, 3.658280503722703, 3.714850510527337, 3.7270267906064696]

listiAveFitEvaNumByThisGen:
[100, 1200, 2300, 3400, 4500, 5600, 6700, 7800, 8900, 10000, 11100, 12200, 13300, 14400, 15500, 16600, 17700, 18800, 19900, 21000, 22100, 23200, 24310, 25420, 26560, 27710, 28900, 30130, 31410, 32750, 34180, 35650, 37210, 38860, 40590, 42410, 44330, 46350, 48470, 50690, 53010, 55430, 57940, 60540, 63240, 66040, 68940, 71940, 75040, 78240, 81540]
------------------------new instance-----------------------------
