listiEveGenLocalSearchedIndNum_AllRunsEve:
[0.0, 10.0, 20.0, 30.0, 40.0, 50.0, 60.0, 70.0, 80.0, 90.0, 100.0, 110.0, 120.0, 130.0, 140.0, 150.0, 160.0, 170.0, 180.0, 190.0, 200.0, 210.0, 220.0, 230.0, 240.0, 250.0, 260.0, 270.0, 280.0, 290.0, 300.0, 310.0, 320.0, 330.0, 340.0, 350.0, 360.0, 370.0, 380.0, 390.0, 400.0, 410.0, 420.0, 430.0, 440.0, 450.0, 460.0, 470.0, 480.0, 490.0, 500.0]

listfEveGenBestIndFitness_AllRunsAve:
[0.02495373331302939, 0.02654191039186244, 0.030347650142543092, 0.03402843831018439, 0.03786353523159694, 0.041545891525452266, 0.04480827215118387, 0.048797013892388635, 0.05196751693915839, 0.05532694468351109, 0.05877197254507625, 0.06217367219654917, 0.06579481341488481, 0.06943876455872103, 0.0728099658249111, 0.07599348605071124, 0.07890789059552863, 0.08144667669356959, 0.08356426398400889, 0.08544716469168478, 0.08737448277342144, 0.08903853116927635, 0.09027226486318583, 0.09138646647736258, 0.09219437895075437, 0.09264543073484151, 0.09302871832341869, 0.09323169033018176, 0.09336695975277766, 0.09339504914737487, 0.09339504914737487, 0.09343722565256914, 0.09345699540903937, 0.09349790370664787, 0.093520820002813, 0.09355038882153523, 0.0936014124426736, 0.09361017205108668, 0.09362738103099418, 0.09364743643498112, 0.0936805232761091, 0.0936805232761091, 0.09375652321851845, 0.09377373219842597, 0.09380858745786477, 0.09380858745786477, 0.0938315037540299, 0.09384345718540231, 0.09384345718540231, 0.09384345718540231, 0.09384345718540231]

listEveGenDiversityMetric1_AllRunsAve:
[1.0, 1.0, 0.9816666666666667, 0.9669999999999999, 0.8849999999999999, 0.8163333333333335, 0.7736666666666667, 0.7836666666666667, 0.7416666666666666, 0.7956666666666666, 0.7966666666666666, 0.7956666666666667, 0.8083333333333333, 0.7729999999999999, 0.7693333333333333, 0.7476666666666669, 0.7396666666666668, 0.7400000000000001, 0.7293333333333332, 0.7289999999999999, 0.7386666666666668, 0.7336666666666666, 0.6996666666666669, 0.6776666666666666, 0.6478333333333333, 0.6182222222222222, 0.5756666666666667, 0.5616666666666666, 0.5443333333333332, 0.566202380952381, 0.5750111111111111, 0.5962981481481482, 0.6000999999999999, 0.6132493506493507, 0.6199825396825397, 0.6220423483923484, 0.6247280423280424, 0.6283025733525733, 0.6270805555555558, 0.6264684903331962, 0.6262059958559958, 0.6268852401010298, 0.6248759157509158, 0.6249855845135258, 0.6238369341170812, 0.6228962570980591, 0.6214767201910003, 0.6201926410798237, 0.6197533276178012, 0.6189535789634255, 0.6175467605663256]

listfEveGenProportion_belongToLocalSearchedIndNeighbor_exceptCurrLocalSearchedInd_AllRunsAve:
[0.0, 0.0, 0.0, 0.0, 0.0, 0.0, 0.0, 0.0, 0.0013333333333333333, 0.002, 0.006000000000000001, 0.014000000000000002, 0.023333333333333334, 0.045333333333333344, 0.07933333333333333, 0.13166666666666668, 0.18233333333333338, 0.22266666666666673, 0.27066666666666667, 0.3320000000000001, 0.36800000000000005, 0.41166666666666674, 0.45366666666666666, 0.528, 0.5781666666666666, 0.6302777777777779, 0.7361666666666665, 0.7442666666666666, 0.8022222222222221, 0.8071031746031746, 0.8429388888888888, 0.8506185185185188, 0.876972222222222, 0.8841198412698416, 0.8900988095238095, 0.9017686406186407, 0.905001984126984, 0.9054141293891295, 0.9168457491582491, 0.9329370796959032, 0.9412532014282015, 0.9405112566770463, 0.9429752747252746, 0.9422933551742375, 0.9495838366154543, 0.9468605868077247, 0.9535778824102741, 0.9580920580863922, 0.9599215747215747, 0.964235036733722, 0.9673478417717549]

listiAveDiversityMetric2EveGen:
[24.981286664626065, 275.701227667925, 192.99244587967218, 128.15051544672312, 88.96805288848077, 73.99262009998981, 51.57778035710642, 30.826419089208578, 14.538656573818995, 12.709430630888006, 10.030076862905144, 8.442427904635581, 8.055953138115159, 6.559409990817262, 4.800788636533688, 3.5957079753766625, 3.2022671101588274, 2.5261318368873926, 2.571861673978846, 2.6227887440057134, 2.9006805768118893, 3.06962684624018, 2.9528384736251403, 3.0845780239497587, 2.926663429137902, 2.9419230892794883, 2.7807673250747103, 2.6693837392762645, 2.8114662867406945, 2.9690492684354037, 3.110114279013215, 3.3108986983351936, 3.440383580675943, 3.5146508641614997, 3.551209368498194, 3.5739585148595134, 3.6485317273998974, 3.6369064049929287, 3.639726857126681, 3.6320802915677275, 3.617498902435571, 3.6045825172023664, 3.587969553632296, 3.594645318168841, 3.5940870558484455, 3.565554382159205, 3.559327120459414, 3.5538600273743577, 3.572724821958953, 3.5964519411976097, 3.605152666363885]

listiAveFitEvaNumByThisGen:
[100, 1200, 2300, 3400, 4500, 5600, 6700, 7800, 8900, 10000, 11100, 12200, 13300, 14400, 15500, 16600, 17700, 18800, 19900, 21000, 22100, 23200, 24300, 25400, 26506, 27616, 28733, 29863, 31026, 32223, 33470, 34770, 36143, 37586, 39113, 40726, 42436, 44243, 46146, 48143, 50240, 52436, 54730, 57123, 59616, 62210, 64903, 67696, 70590, 73583, 76676]
------------------------new instance-----------------------------
listiEveGenLocalSearchedIndNum_AllRunsEve:
[0.0, 10.0, 20.0, 30.0, 40.0, 50.0, 60.0, 70.0, 80.0, 90.0, 100.0, 110.0, 120.0, 130.0, 140.0, 150.0, 160.0, 170.0, 180.0, 190.0, 200.0, 210.0, 220.0, 230.0, 240.0, 250.0, 260.0, 270.0, 280.0, 290.0, 300.0, 310.0, 320.0, 330.0, 340.0, 350.0, 360.0, 370.0, 380.0, 390.0, 400.0, 410.0, 420.0, 430.0, 440.0, 450.0, 460.0, 470.0, 480.0, 490.0, 500.0]

listfEveGenBestIndFitness_AllRunsAve:
[0.02403749698933397, 0.025603791870234753, 0.029506068559506583, 0.03300173001539374, 0.036311424098986175, 0.04018047862754917, 0.04353141705861741, 0.047564770826994965, 0.051016823651825444, 0.05481079501451696, 0.058610191342535985, 0.062182784711941275, 0.06569040016683443, 0.06937286177834869, 0.07288089667212683, 0.07623691417453554, 0.07901593993083617, 0.08124934865847598, 0.08356850085535902, 0.08535459005279963, 0.08654916486796206, 0.08774986028875574, 0.0885472112632129, 0.08962468449025976, 0.09013797615157886, 0.09070063063945608, 0.0911703954264842, 0.09148737091110169, 0.09171566247349677, 0.09182789063337699, 0.09186370772364146, 0.09186590959476339, 0.09186590959476339, 0.09186590959476339, 0.09186590959476339, 0.09186590959476339, 0.09186590959476339, 0.09186590959476339, 0.09186590959476339, 0.09186590959476339, 0.09186590959476339, 0.09186590959476339, 0.09186590959476339, 0.09186590959476339, 0.09186590959476339, 0.09186590959476339, 0.09186590959476339, 0.09186590959476339, 0.09186590959476339, 0.09186590959476339, 0.09186590959476339]

listEveGenDiversityMetric1_AllRunsAve:
[1.0, 1.0, 0.9943333333333333, 0.9516666666666665, 0.8570000000000001, 0.8316666666666666, 0.7593333333333334, 0.7906666666666669, 0.765, 0.7816666666666667, 0.7879999999999999, 0.7736666666666666, 0.7773333333333334, 0.7899999999999999, 0.7820000000000001, 0.7746666666666667, 0.7609999999999999, 0.7500000000000002, 0.723, 0.7299999999999999, 0.7043333333333331, 0.6720000000000002, 0.6513333333333333, 0.6170000000000001, 0.5730000000000001, 0.5376666666666667, 0.5403333333333333, 0.5376666666666666, 0.5287777777777778, 0.5376111111111113, 0.5374277777777778, 0.5269333333333335, 0.5635285714285714, 0.5597773809523808, 0.5828498677248677, 0.5757637566137567, 0.5814760942760944, 0.5871477392977394, 0.5920000925000923, 0.592631609131609, 0.5960572862322863, 0.598148635161135, 0.59775819235231, 0.596852654698243, 0.5973595596282517, 0.5967197173583785, 0.5964534489189288, 0.5964039369814912, 0.5949479575398104, 0.5940375273286163, 0.5939304829292742]

listfEveGenProportion_belongToLocalSearchedIndNeighbor_exceptCurrLocalSearchedInd_AllRunsAve:
[0.0, 0.0, 0.0, 0.0, 0.0, 0.0, 0.0, 0.0, 0.0013333333333333333, 0.0013333333333333333, 0.007000000000000001, 0.012333333333333333, 0.02833333333333334, 0.04866666666666668, 0.07966666666666665, 0.108, 0.1396666666666667, 0.18633333333333335, 0.24833333333333332, 0.27066666666666667, 0.354, 0.438, 0.48100000000000004, 0.5459999999999999, 0.6003333333333332, 0.6603333333333334, 0.6678333333333334, 0.7145, 0.749222222222222, 0.7645555555555555, 0.8047333333333335, 0.8617500000000002, 0.843030158730159, 0.8862857142857142, 0.8813628306878307, 0.9152521164021166, 0.9215193362193361, 0.9341582371332371, 0.940624172124172, 0.9501419848669851, 0.9506504976504977, 0.9550243381618382, 0.9613685482817836, 0.9664233676182206, 0.9676460766830349, 0.9692383304446387, 0.9717316286883623, 0.972717935193748, 0.9747147548054886, 0.9752273630427368, 0.9768203960031184]

listiAveDiversityMetric2EveGen:
[24.981286664626065, 300.94590555385497, 165.2706212291263, 124.57519864367582, 89.15171609019488, 62.86548026255824, 38.31493841716831, 22.840784311804914, 17.07265899534061, 13.086144264190729, 11.352611681801173, 8.07406631024045, 6.241133794510763, 4.52456084889297, 3.433528612726592, 3.3798740672720466, 2.942102711968167, 2.829660309492228, 2.645914204672992, 2.6975623249328295, 2.727068508655579, 2.8275230581913404, 3.044270530218006, 2.9785308628371263, 2.8622592701425025, 2.8585039628831073, 2.845184569072871, 2.750845585948804, 2.6719732633836317, 2.608405016808396, 2.653789123602384, 2.7119558573709286, 2.8800615362430992, 2.91678798002968, 3.0532386299832472, 3.05817361713117, 3.0735593427275862, 3.105268356708802, 3.1658788522503536, 3.1884271151179813, 3.2184560487635294, 3.253151343811143, 3.281376277016587, 3.313264297167637, 3.3358974341199326, 3.3588258598812955, 3.37869680794364, 3.4055120756177857, 3.423153734366409, 3.446153021994118, 3.4725336385425587]

listiAveFitEvaNumByThisGen:
[100, 1200, 2300, 3400, 4500, 5600, 6700, 7800, 8900, 10000, 11100, 12200, 13300, 14400, 15500, 16600, 17700, 18800, 19900, 21000, 22100, 23200, 24300, 25400, 26500, 27600, 28703, 29826, 30966, 32133, 33340, 34590, 35896, 37283, 38746, 40303, 41943, 43680, 45516, 47453, 49490, 51626, 53863, 56200, 58636, 61173, 63810, 66546, 69383, 72320, 75356]
------------------------new instance-----------------------------
listiEveGenLocalSearchedIndNum_AllRunsEve:
[0.0, 10.0, 20.0, 30.0, 40.0, 50.0, 60.0, 70.0, 80.0, 90.0, 100.0, 110.0, 120.0, 130.0, 140.0, 150.0, 160.0, 170.0, 180.0, 190.0, 200.0, 210.0, 220.0, 230.0, 240.0, 250.0, 260.0, 270.0, 280.0, 290.0, 300.0, 310.0, 320.0, 330.0, 340.0, 350.0, 360.0, 370.0, 380.0, 390.0, 400.0, 410.0, 420.0, 430.0, 440.0, 450.0, 460.0, 470.0, 480.0, 490.0, 500.0]

listfEveGenBestIndFitness_AllRunsAve:
[0.025439407417569337, 0.02713878342216298, 0.0310922015755471, 0.035634365780091604, 0.039518927530234824, 0.04359211715729995, 0.04677819674520155, 0.050160048913085134, 0.05393098774190254, 0.05726960293858523, 0.060731887670192455, 0.06392942335931, 0.06736502625642729, 0.07053044063114615, 0.07373833690684166, 0.07655259668921481, 0.07899932892689218, 0.08126729818946803, 0.08304110584240566, 0.08470175417203094, 0.08581209651079681, 0.08675792425426601, 0.08749885232404613, 0.0881076166205809, 0.08842283865911574, 0.08876810836676777, 0.08904765502078713, 0.08922290370846331, 0.08928143230642506, 0.089404155253458, 0.0894600212417072, 0.08964439203214863, 0.08975009938654167, 0.08987552276524848, 0.08988319341410442, 0.08988392604872521, 0.08988747550404083, 0.08989587878751755, 0.0899585583148394, 0.09003574111579711, 0.09003647375041789, 0.09003647375041789, 0.09003720638503868, 0.09003793901965945, 0.09003867165428024, 0.09003867165428024, 0.09003940428890103, 0.09003940428890103, 0.09003940428890103, 0.09004634230313618, 0.09004634230313618]

listEveGenDiversityMetric1_AllRunsAve:
[1.0, 1.0, 0.9736666666666667, 0.9649999999999999, 0.8400000000000001, 0.8096666666666666, 0.7606666666666667, 0.7893333333333333, 0.7769999999999998, 0.761, 0.7899999999999999, 0.7883333333333334, 0.7876666666666666, 0.7853333333333332, 0.779, 0.7539999999999999, 0.7273333333333334, 0.7236666666666666, 0.7326666666666667, 0.7068333333333334, 0.7200000000000001, 0.6958333333333335, 0.6539444444444446, 0.6504999999999999, 0.6524777777777776, 0.6234999999999999, 0.6261460317460318, 0.6176166666666666, 0.6053462962962964, 0.6104777777777777, 0.6272497113997113, 0.635234523809524, 0.6495607651607653, 0.6583082010582012, 0.6548678571428572, 0.6625114478114477, 0.6644663816031463, 0.667870130795131, 0.6698801823420245, 0.6692612748362748, 0.6698824851074854, 0.6697127190075721, 0.670008080242671, 0.668513047816763, 0.6680154454008324, 0.6679905525660556, 0.6657686454140401, 0.6638163581204619, 0.6621097906069326, 0.6616115318848802, 0.6609254594180864]

listfEveGenProportion_belongToLocalSearchedIndNeighbor_exceptCurrLocalSearchedInd_AllRunsAve:
[0.0, 0.0, 0.0, 0.0, 0.0, 0.0, 0.0006666666666666666, 0.0006666666666666666, 0.0013333333333333333, 0.0016666666666666668, 0.0036666666666666666, 0.015333333333333332, 0.029000000000000005, 0.05233333333333335, 0.08266666666666668, 0.13266666666666668, 0.1846666666666667, 0.24533333333333335, 0.3053333333333334, 0.35900000000000004, 0.411, 0.4801111111111112, 0.5581111111111111, 0.6045277777777779, 0.6404111111111113, 0.728638888888889, 0.7424936507936509, 0.7721805555555555, 0.8017074074074073, 0.8341555555555557, 0.8269681818181817, 0.8518448412698413, 0.8377991961741961, 0.8375976190476191, 0.8825142857142857, 0.885951328763829, 0.8980812445180094, 0.9103865634365635, 0.9230842102342103, 0.9263646862396863, 0.9327737475487475, 0.9309783487482015, 0.9375540305720612, 0.9486016571334297, 0.951758876760781, 0.9485639789204028, 0.9604782395618181, 0.9618467564840697, 0.9619701570741096, 0.9635806398031556, 0.9641995924384882]

listiAveDiversityMetric2EveGen:
[24.981286664626065, 344.98947158861336, 192.54788963167024, 121.6231972846308, 62.340768797741724, 43.27735229874502, 29.822397064245138, 22.64974717409788, 16.56275908308676, 12.970276096996905, 12.124473278236914, 9.917331700846852, 8.352776152093325, 6.363851091385233, 5.445419744923988, 4.140403847226473, 2.569091119953746, 2.79777439036833, 2.5339258034894394, 2.5617060850446967, 2.724951844274044, 2.9675288912407605, 2.877502472904476, 3.0141053732534258, 3.072904587217158, 3.2442400991434837, 3.5987433759537457, 3.659227928277892, 3.7348591077321047, 3.8324720284606, 4.032926507023762, 4.224009969977404, 4.355375263425464, 4.440566573239527, 4.444373233314848, 4.528124669968166, 4.5901316325713655, 4.627626624067123, 4.651011081889012, 4.680865279337647, 4.7289662319099515, 4.768723763918356, 4.78412406495486, 4.818867706129823, 4.815842938891723, 4.8393120080957175, 4.853645284745382, 4.858430241237864, 4.877331640300726, 4.889224553014699, 4.899308803074218]

listiAveFitEvaNumByThisGen:
[100, 1200, 2300, 3400, 4500, 5600, 6700, 7800, 8900, 10000, 11100, 12200, 13300, 14400, 15500, 16600, 17700, 18800, 19900, 21000, 22103, 23206, 24316, 25426, 26550, 27693, 28856, 30063, 31300, 32576, 33906, 35313, 36790, 38346, 39983, 41693, 43503, 45410, 47416, 49523, 51730, 54036, 56443, 58946, 61550, 64253, 67056, 69960, 72963, 76066, 79270]
------------------------new instance-----------------------------
listiEveGenLocalSearchedIndNum_AllRunsEve:
[0.0, 10.0, 20.0, 30.0, 40.0, 50.0, 60.0, 70.0, 80.0, 90.0, 100.0, 110.0, 120.0, 130.0, 140.0, 150.0, 160.0, 170.0, 180.0, 190.0, 200.0, 210.0, 220.0, 230.0, 240.0, 250.0, 260.0, 270.0, 280.0, 290.0, 300.0, 310.0, 320.0, 330.0, 340.0, 350.0, 360.0, 370.0, 380.0, 390.0, 400.0, 410.0, 420.0, 430.0, 440.0, 450.0, 460.0, 470.0, 480.0, 490.0, 500.0]

listfEveGenBestIndFitness_AllRunsAve:
[0.02566862633178194, 0.0272751077905661, 0.03115305681929605, 0.03518075558975971, 0.03862058530392818, 0.042329201809433455, 0.045857346052801125, 0.049547928969857956, 0.05295878434127434, 0.05596917651407508, 0.05944231994643591, 0.06256396622741166, 0.06584455810731056, 0.0686580069152613, 0.07124093055859881, 0.07397192525732274, 0.07610928495397107, 0.07796169968860872, 0.07980340894634373, 0.0811148611694865, 0.0822206164617059, 0.08334171112730124, 0.08432780015486072, 0.08512324016038503, 0.08567051343704099, 0.08609270412257487, 0.08645766790729983, 0.08667185345347701, 0.08677748395053214, 0.08699097865490464, 0.087060200579061, 0.08708312868125549, 0.08711341143257914, 0.08713921097523966, 0.08715563439673589, 0.0871799982191634, 0.08719146227026066, 0.08719433371072664, 0.08719433371072664, 0.08719433371072664, 0.08719433371072664, 0.08719433371072664, 0.08719433371072664, 0.08719433371072664, 0.08719433371072664, 0.08719433371072664, 0.08719433371072664, 0.08719433371072664, 0.08719433371072664, 0.08719433371072664, 0.08719433371072664]

listEveGenDiversityMetric1_AllRunsAve:
[1.0, 1.0, 0.9643333333333334, 0.9366666666666666, 0.8446666666666668, 0.8219999999999997, 0.778, 0.7853333333333334, 0.761, 0.7756666666666665, 0.8159999999999997, 0.8003333333333331, 0.813, 0.7946666666666665, 0.7786666666666667, 0.7783333333333331, 0.7746666666666667, 0.7466666666666666, 0.7506666666666667, 0.7436666666666665, 0.7216666666666665, 0.6766666666666665, 0.6596666666666667, 0.6433333333333331, 0.6113333333333334, 0.5793333333333333, 0.5598333333333333, 0.5770000000000001, 0.5889444444444444, 0.5772222222222222, 0.581561111111111, 0.5974888888888891, 0.5903468253968253, 0.6135706349206349, 0.6143894179894182, 0.628164417989418, 0.6332221500721501, 0.638153367003367, 0.6402132746882748, 0.6387552308802309, 0.636668796018796, 0.6350522412772412, 0.6318911979632565, 0.6289908062797768, 0.6266296125328633, 0.62400452113819, 0.6224181220396391, 0.6209445261251764, 0.6199775650245768, 0.6195433244891466, 0.6188615724636711]

listfEveGenProportion_belongToLocalSearchedIndNeighbor_exceptCurrLocalSearchedInd_AllRunsAve:
[0.0, 0.0, 0.0, 0.0, 0.0, 0.0, 0.0, 0.001, 0.0016666666666666668, 0.0026666666666666666, 0.004, 0.014, 0.021666666666666667, 0.04166666666666667, 0.07566666666666669, 0.11533333333333334, 0.15033333333333335, 0.19733333333333336, 0.2513333333333333, 0.29333333333333333, 0.353, 0.44266666666666676, 0.46533333333333327, 0.4953333333333333, 0.5593333333333333, 0.6389999999999999, 0.7148333333333332, 0.6907777777777776, 0.7314444444444443, 0.775138888888889, 0.780761111111111, 0.7993222222222223, 0.8545158730158728, 0.8470023809523811, 0.8765571428571429, 0.8823585978835979, 0.9064823713323713, 0.9157526334776337, 0.9322835183335185, 0.9399056619306619, 0.9474639212639215, 0.9554766996891998, 0.9608396674676087, 0.9656097314450256, 0.9673877114242828, 0.9686041265494051, 0.9703310251338503, 0.9722758672714168, 0.9717961401152007, 0.9724906843442599, 0.9742553801441525]

listiAveDiversityMetric2EveGen:
[24.981286664626065, 283.4581785613713, 140.7665296235078, 104.0963091902187, 74.60300371390674, 52.66387756079312, 34.21668540353024, 26.39456120804, 20.49868413835323, 9.848385336190184, 9.008862082100466, 7.200807865864026, 6.387074380165289, 5.044729273883618, 3.344673453729212, 3.4709629425568815, 3.6404975369860213, 3.4645586722443285, 3.1658739978913717, 3.193195429037854, 3.0232673087780157, 2.7887406699996604, 2.9879282209298363, 2.8772066020474103, 2.814804132911607, 2.8891359042767975, 3.184641566324053, 3.409776595691352, 3.613731871509974, 3.805274992782235, 3.830840377695682, 3.9412160783884143, 3.996835007705252, 4.157127099368532, 4.196662062730974, 4.2495561648160365, 4.278808232168446, 4.339574707414889, 4.361845787275711, 4.3553070255158675, 4.3447413253528335, 4.363055592487376, 4.378296005331322, 4.370771792204317, 4.363419237784157, 4.3566532073572946, 4.368358703605127, 4.381614213301348, 4.399131310075122, 4.422473533571976, 4.439184441206126]

listiAveFitEvaNumByThisGen:
[100, 1200, 2300, 3400, 4500, 5600, 6700, 7800, 8900, 10000, 11100, 12200, 13300, 14400, 15500, 16600, 17700, 18800, 19900, 21000, 22100, 23200, 24300, 25400, 26500, 27600, 28703, 29820, 30966, 32140, 33350, 34593, 35896, 37256, 38700, 40220, 41836, 43550, 45363, 47276, 49290, 51403, 53616, 55930, 58343, 60856, 63470, 66183, 68996, 71910, 74923]
------------------------new instance-----------------------------
listiEveGenLocalSearchedIndNum_AllRunsEve:
[0.0, 10.0, 20.0, 30.0, 40.0, 50.0, 60.0, 70.0, 80.0, 90.0, 100.0, 110.0, 120.0, 130.0, 140.0, 150.0, 160.0, 170.0, 180.0, 190.0, 200.0, 210.0, 220.0, 230.0, 240.0, 250.0, 260.0, 270.0, 280.0, 290.0, 300.0, 310.0, 320.0, 330.0, 340.0, 350.0, 360.0, 370.0, 380.0, 390.0, 400.0, 410.0, 420.0, 430.0, 440.0, 450.0, 460.0, 470.0, 480.0, 490.0, 500.0]

listfEveGenBestIndFitness_AllRunsAve:
[0.024195796094874416, 0.025795926043887616, 0.028940266290702746, 0.03266718335672905, 0.036045346331420196, 0.03944591794857878, 0.04222712105203334, 0.04532178826297966, 0.04832995714777265, 0.05137191515523695, 0.054804089173824434, 0.057740923246037065, 0.06060059188296794, 0.06341164298756646, 0.06600175857457556, 0.06858778875357034, 0.07077002523603546, 0.07253085750624048, 0.07384580254624219, 0.07485836056045624, 0.07565751857371592, 0.07636650644134951, 0.07707524205695006, 0.07745070452900853, 0.07793120157081741, 0.0783556365206242, 0.07849237104012062, 0.07878689688832213, 0.07890718018514911, 0.07904226025359146, 0.07914675334464878, 0.07921235759852129, 0.07935053754595639, 0.0793928907511865, 0.07949245606546525, 0.07953548644938947, 0.07957265190372062, 0.07960872859993122, 0.07966134054409148, 0.07975713782062907, 0.07977586737604829, 0.07979332314128544, 0.0798025654914877, 0.07984141430981606, 0.07985478613245205, 0.07986815795508802, 0.07986815795508802, 0.07986815795508802, 0.07986815795508802, 0.07989490160035997, 0.07992164524563192]

listEveGenDiversityMetric1_AllRunsAve:
[1.0, 1.0, 0.9753333333333333, 0.977, 0.8623333333333333, 0.8079999999999999, 0.7580000000000003, 0.7793333333333334, 0.7766666666666666, 0.7803333333333334, 0.8086666666666668, 0.778333333333333, 0.798, 0.7923333333333332, 0.7799999999999999, 0.7593333333333334, 0.7586666666666665, 0.7653333333333332, 0.7699999999999999, 0.7553333333333332, 0.7440000000000001, 0.7288333333333334, 0.6798333333333333, 0.658, 0.6491666666666666, 0.6112222222222223, 0.5925555555555556, 0.5795833333333336, 0.6046, 0.5875833333333331, 0.6052015873015875, 0.5893496031746032, 0.6158657407407407, 0.6123376984126986, 0.6293995911495913, 0.63828835978836, 0.6526477661227662, 0.6534448051948052, 0.6570524910274912, 0.65519414011914, 0.6566510351304468, 0.6578657823657823, 0.660180161329039, 0.6603764833750128, 0.6592473436450603, 0.6578632243372958, 0.6573938817187185, 0.6566657921355677, 0.6550140450808296, 0.6535490963143136, 0.6520690408167983]

listfEveGenProportion_belongToLocalSearchedIndNeighbor_exceptCurrLocalSearchedInd_AllRunsAve:
[0.0, 0.0, 0.0, 0.0, 0.0, 0.0, 0.0, 0.0, 0.0, 0.0013333333333333333, 0.002, 0.007666666666666667, 0.02566666666666667, 0.04666666666666666, 0.08733333333333332, 0.133, 0.19599999999999992, 0.233, 0.25799999999999995, 0.34933333333333333, 0.4250000000000001, 0.4541666666666668, 0.562, 0.5913333333333334, 0.6087222222222224, 0.6787222222222222, 0.7046111111111112, 0.7685277777777777, 0.7396888888888888, 0.808527777777778, 0.7789841269841272, 0.8360789682539683, 0.8150000000000001, 0.8504099206349206, 0.8413861111111113, 0.8667149470899471, 0.8747447274947275, 0.8955184583934582, 0.9074886206386206, 0.9220671879046879, 0.9242389164212695, 0.9274935804935805, 0.9346384738799214, 0.9432791656872541, 0.9481588759007876, 0.9501771129942184, 0.9556794479716626, 0.9589584841858062, 0.9611896329218187, 0.9637241156358635, 0.9615961951155885]

listiAveDiversityMetric2EveGen:
[24.981286664626065, 286.75899752814337, 192.5671369370473, 145.1877902023603, 102.52271756623476, 69.15236113593849, 40.29743969254837, 30.661910128898416, 26.59009848518859, 15.310050339081041, 14.875476018093396, 8.145875884773663, 5.688235072611637, 4.869573365983063, 3.7248226575519494, 3.5944004856647287, 3.369425567459103, 3.2289620052375607, 3.073429382035847, 2.745022050811141, 2.9322666857123423, 3.070969520045567, 3.078324152371192, 3.464745837144427, 3.331155420297588, 3.255858630738595, 3.21713941427564, 3.3012101321401457, 3.5143488939227985, 3.6263440509075076, 3.797417977515863, 3.87811652070936, 3.9933621680312297, 4.00018404431919, 4.036839902669205, 4.0896997523372836, 4.1509863058986385, 4.208414119257915, 4.330257806588055, 4.421249998900757, 4.508530794801363, 4.616831240099087, 4.71160929705706, 4.733909077017148, 4.748401886493629, 4.7653545143368445, 4.785775354607053, 4.803149850760428, 4.812479706581024, 4.829050207754967, 4.857793706076219]

listiAveFitEvaNumByThisGen:
[100, 1200, 2300, 3400, 4500, 5600, 6700, 7800, 8900, 10000, 11100, 12200, 13300, 14400, 15500, 16600, 17700, 18800, 19900, 21000, 22100, 23200, 24303, 25406, 26520, 27646, 28780, 29923, 31093, 32300, 33546, 34850, 36196, 37623, 39120, 40696, 42356, 44113, 45963, 47913, 49960, 52106, 54353, 56696, 59136, 61673, 64310, 67046, 69883, 72820, 75856]
------------------------new instance-----------------------------
listiEveGenLocalSearchedIndNum_AllRunsEve:
[0.0, 10.0, 20.0, 30.0, 40.0, 50.0, 60.0, 70.0, 80.0, 90.0, 100.0, 110.0, 120.0, 130.0, 140.0, 150.0, 160.0, 170.0, 180.0, 190.0, 200.0, 210.0, 220.0, 230.0, 240.0, 250.0, 260.0, 270.0, 280.0, 290.0, 300.0, 310.0, 320.0, 330.0, 340.0, 350.0, 360.0, 370.0, 380.0, 390.0, 400.0, 410.0, 420.0, 430.0, 440.0, 450.0, 460.0, 470.0, 480.0, 490.0, 500.0]

listfEveGenBestIndFitness_AllRunsAve:
[0.02567479935651003, 0.027377668729050054, 0.03129516361230099, 0.03544949829675729, 0.03881664342251611, 0.04257409972907254, 0.046351002025680946, 0.04977094441447389, 0.053286516190537835, 0.05662238907940854, 0.06013238167672668, 0.06362868693963866, 0.06687753348493639, 0.0699928482477958, 0.07284699186870965, 0.07564719143628632, 0.07804310431568831, 0.08012848417816532, 0.08183715865942089, 0.08329434866947864, 0.0844374475064506, 0.0852526784646765, 0.08603996354543048, 0.0865170559164801, 0.08732035140652972, 0.08757943999852728, 0.08776472502783543, 0.08798696095142791, 0.08820847439402746, 0.08834167174721207, 0.08841846421624779, 0.08848179323849857, 0.08853531274479955, 0.08854599098102407, 0.088567368691763, 0.08865054819515737, 0.08865054819515737, 0.08877675710831963, 0.08877675710831963, 0.08883947945899727, 0.088924025121529, 0.088924025121529, 0.088924025121529, 0.088924025121529, 0.088924025121529, 0.088924025121529, 0.088924025121529, 0.088924025121529, 0.088924025121529, 0.088924025121529, 0.088924025121529]

listEveGenDiversityMetric1_AllRunsAve:
[1.0, 1.0, 0.9779999999999999, 0.9759999999999998, 0.8439999999999999, 0.8056666666666669, 0.8130000000000001, 0.7879999999999999, 0.7806666666666665, 0.769, 0.7959999999999999, 0.7956666666666664, 0.784, 0.7740000000000002, 0.7526666666666667, 0.746, 0.7516666666666667, 0.7456666666666668, 0.7429999999999999, 0.7283333333333334, 0.7086666666666667, 0.6699999999999999, 0.6508333333333333, 0.6523333333333333, 0.6288888888888892, 0.6241111111111112, 0.6089722222222222, 0.6034, 0.5931666666666666, 0.61335, 0.612936111111111, 0.6195791005291004, 0.6216095238095237, 0.6207898989898991, 0.6348291005291002, 0.6412802845302846, 0.6469434944684945, 0.6475679607429609, 0.6519439500314501, 0.6553992298551121, 0.6571425824175824, 0.6604374134751845, 0.6628249144102086, 0.6625478071993938, 0.6622632031453238, 0.6618131928601829, 0.66070474511442, 0.6597592853207526, 0.6581588392468946, 0.6571872791187068, 0.6558890031544437]

listfEveGenProportion_belongToLocalSearchedIndNeighbor_exceptCurrLocalSearchedInd_AllRunsAve:
[0.0, 0.0, 0.0, 0.0, 0.0, 0.0, 0.0, 0.0003333333333333333, 0.0013333333333333333, 0.0026666666666666666, 0.009333333333333334, 0.013666666666666667, 0.029333333333333333, 0.054333333333333345, 0.08633333333333335, 0.142, 0.19399999999999998, 0.25033333333333335, 0.30433333333333334, 0.37533333333333335, 0.422, 0.5129999999999999, 0.5504999999999999, 0.5696666666666668, 0.6637222222222223, 0.6916111111111111, 0.7456944444444445, 0.7583944444444445, 0.7966111111111108, 0.7806507936507937, 0.8158444444444444, 0.836069312169312, 0.8623047619047619, 0.8893778499278499, 0.8825674603174601, 0.9049231277981278, 0.910580747955748, 0.9201961057461058, 0.9218169289044287, 0.9194596102699043, 0.927067254967255, 0.9371710479292521, 0.928049684792332, 0.9430707540166517, 0.9448030468241769, 0.950078185604759, 0.9570320041972131, 0.963088759587655, 0.961386283345001, 0.9681968061959775, 0.9704374735614838]

listiAveDiversityMetric2EveGen:
[24.981286664626065, 305.7871084175084, 171.1592468754889, 126.25276467299251, 79.02087280753668, 46.012904246505464, 36.142145109002485, 33.01626320443492, 23.58401445566779, 15.954187771315857, 12.231421656293577, 9.180653281637927, 8.518823384008435, 5.145377532904805, 4.5186959235452155, 3.7423647274087677, 3.4959759589157566, 3.8048302214059793, 3.7637798292691227, 3.3767693419038878, 2.9389817950549255, 2.780873008876646, 2.7697823242509094, 2.9093601013029073, 2.970857619932226, 3.101907066869661, 3.194942192928262, 3.2695830027356423, 3.281723709846722, 3.3384173291253902, 3.2730620710005183, 3.230933728788199, 3.2801052600399703, 3.3125156753108955, 3.381676281282056, 3.398170323602716, 3.4458474707726032, 3.498625062565389, 3.501580390144153, 3.542620382451328, 3.5294441669633376, 3.5513594416781347, 3.6022862650919287, 3.6170552758240704, 3.644505580822199, 3.661529005008124, 3.683863061173699, 3.689028861549256, 3.7098017448230567, 3.7312381353209574, 3.7545623608300445]

listiAveFitEvaNumByThisGen:
[100, 1200, 2300, 3400, 4500, 5600, 6700, 7800, 8900, 10000, 11100, 12200, 13300, 14400, 15500, 16600, 17700, 18800, 19900, 21000, 22100, 23200, 24300, 25403, 26520, 27650, 28800, 29973, 31180, 32416, 33713, 35053, 36460, 37933, 39476, 41113, 42843, 44673, 46596, 48616, 50733, 52943, 55246, 57646, 60136, 62723, 65406, 68186, 71066, 74046, 77126]
------------------------new instance-----------------------------
listiEveGenLocalSearchedIndNum_AllRunsEve:
[0.0, 10.0, 20.0, 30.0, 40.0, 50.0, 60.0, 70.0, 80.0, 90.0, 100.0, 110.0, 120.0, 130.0, 140.0, 150.0, 160.0, 170.0, 180.0, 190.0, 200.0, 210.0, 220.0, 230.0, 240.0, 250.0, 260.0, 270.0, 280.0, 290.0, 300.0, 310.0, 320.0, 330.0, 340.0, 350.0, 360.0, 370.0, 380.0, 390.0, 400.0, 410.0, 420.0, 430.0, 440.0, 450.0, 460.0, 470.0, 480.0, 490.0, 500.0]

listfEveGenBestIndFitness_AllRunsAve:
[0.02578948561968584, 0.027411706776794085, 0.03141260423534184, 0.03545611155391191, 0.039488800176986354, 0.04312233031600121, 0.04737689629396127, 0.050843841840623426, 0.054658914020918825, 0.05822197800148121, 0.06180049138283391, 0.06542734625731546, 0.06889039764580869, 0.07210183217207598, 0.07546821170659294, 0.07825421386674711, 0.08065419973104253, 0.08285504899487833, 0.08451051555926568, 0.08586524092805431, 0.08688800353870274, 0.08757692224692523, 0.0884308705950775, 0.08895055115715109, 0.08923808555370785, 0.08948791586274882, 0.08958700812769618, 0.08963916732253178, 0.08969680720758029, 0.08983519504374718, 0.08989042253886932, 0.08989368880306264, 0.08989436011188241, 0.08989738375111077, 0.08990040739033914, 0.08990040739033914, 0.0899220592927338, 0.08999686369928561, 0.08999686369928561, 0.08999756236010209, 0.09006239584260287, 0.09012592607546546, 0.09012592607546546, 0.09025298654119067, 0.09031655026372647, 0.09031711548802566, 0.09031711548802566, 0.09031711548802566, 0.09031723011074162, 0.09036351614294395, 0.09041870147505664]

listEveGenDiversityMetric1_AllRunsAve:
[1.0, 1.0, 0.9963333333333332, 0.9516666666666665, 0.8589999999999999, 0.796, 0.8373333333333335, 0.7723333333333333, 0.8156666666666669, 0.796, 0.7976666666666666, 0.8026666666666665, 0.7886666666666666, 0.788, 0.7666666666666665, 0.7606666666666666, 0.7643333333333334, 0.7543333333333334, 0.7570000000000003, 0.7256666666666666, 0.7200000000000001, 0.6603333333333333, 0.6414999999999998, 0.6325, 0.6156666666666666, 0.6071666666666665, 0.5748611111111112, 0.5883055555555554, 0.5798388888888889, 0.6002611111111111, 0.6139714285714286, 0.6311857142857142, 0.6278566137566137, 0.6409679894179895, 0.6472096921596922, 0.6578396945646946, 0.6619365745365744, 0.6579610741110743, 0.6588421957671958, 0.6586594710844711, 0.6587355518664343, 0.6585255979586863, 0.6571966666446155, 0.6561288382784514, 0.655864723554739, 0.6533718012537286, 0.6518533895019073, 0.6508755595557705, 0.6500275923203344, 0.6486739769934278, 0.6464421590448001]

listfEveGenProportion_belongToLocalSearchedIndNeighbor_exceptCurrLocalSearchedInd_AllRunsAve:
[0.0, 0.0, 0.0, 0.0, 0.0, 0.0, 0.0, 0.0, 0.0003333333333333333, 0.002, 0.005000000000000001, 0.011666666666666667, 0.024, 0.04700000000000001, 0.091, 0.1343333333333333, 0.16866666666666663, 0.23566666666666672, 0.27299999999999996, 0.33833333333333343, 0.40166666666666667, 0.5093333333333333, 0.5408333333333334, 0.6098333333333333, 0.6313888888888889, 0.6732222222222222, 0.7478333333333332, 0.7576388888888886, 0.7968722222222222, 0.80175, 0.8192087301587301, 0.8186960317460316, 0.861361507936508, 0.8692821428571431, 0.8869949615199617, 0.8985368807118808, 0.9133867872867873, 0.9244731444481445, 0.9300166287416286, 0.9365264004514005, 0.9375162975640918, 0.9442749448536212, 0.9470982871660504, 0.9496496480486033, 0.9498597336730464, 0.9524191149851752, 0.951177602063524, 0.9528268592816803, 0.9582142419823485, 0.963551911509543, 0.9649950358817808]

listiAveDiversityMetric2EveGen:
[24.981286664626065, 326.60992742373224, 185.972161825664, 138.24007203346596, 91.06309578070265, 46.54868601299187, 36.00394802435126, 24.767458486548996, 24.438320146923786, 18.28108285413053, 10.865756520082984, 9.220311623983946, 6.579128152909567, 5.396491424684556, 4.8629527925721865, 3.669627348229772, 3.2281260728497085, 2.7974878168894324, 3.0525811679080364, 3.030382543277897, 3.1555955705200147, 3.0378942502465742, 3.0509221298075273, 3.2058639310384356, 3.3488816557677534, 3.5436374289979775, 3.422825186797119, 3.589314075960153, 3.815421430933048, 4.119503118348532, 4.296548142442693, 4.286494195850893, 4.354565505174875, 4.424228383735792, 4.418247277676684, 4.41815638497377, 4.464277025016675, 4.4876063524990535, 4.55625933826376, 4.573716292443781, 4.575298303958671, 4.582734441937773, 4.603310596659101, 4.644118504903791, 4.664890793126349, 4.688099635279903, 4.712040705322494, 4.673031847931252, 4.635870036989659, 4.615811750782629, 4.601373994749859]

listiAveFitEvaNumByThisGen:
[100, 1200, 2300, 3400, 4500, 5600, 6700, 7800, 8900, 10000, 11100, 12200, 13300, 14400, 15500, 16600, 17700, 18800, 19900, 21000, 22100, 23200, 24300, 25406, 26516, 27640, 28783, 29943, 31136, 32366, 33656, 35010, 36436, 37933, 39513, 41180, 42940, 44800, 46756, 48813, 50970, 53226, 55583, 58040, 60596, 63253, 66010, 68866, 71823, 74880, 78036]
------------------------new instance-----------------------------
listiEveGenLocalSearchedIndNum_AllRunsEve:
[0.0, 10.0, 20.0, 30.0, 40.0, 50.0, 60.0, 70.0, 80.0, 90.0, 100.0, 110.0, 120.0, 130.0, 140.0, 150.0, 160.0, 170.0, 180.0, 190.0, 200.0, 210.0, 220.0, 230.0, 240.0, 250.0, 260.0, 270.0, 280.0, 290.0, 300.0, 310.0, 320.0, 330.0, 340.0, 350.0, 360.0, 370.0, 380.0, 390.0, 400.0, 410.0, 420.0, 430.0, 440.0, 450.0, 460.0, 470.0, 480.0, 490.0, 500.0]

listfEveGenBestIndFitness_AllRunsAve:
[0.02439763030344137, 0.0258768661168887, 0.029571890638707462, 0.03370221199500336, 0.0370007267151932, 0.04088118701681535, 0.04456566764141491, 0.04817104103334761, 0.05151340646265803, 0.05462052258755827, 0.05787094013354051, 0.06085751845800533, 0.06397083731442223, 0.0672464979677241, 0.0701538484404998, 0.07271728107990305, 0.07523331373331672, 0.07740515502249726, 0.07934748218883403, 0.0808736463186031, 0.08209971343906479, 0.08318008737302289, 0.08388494565501638, 0.08419240204889585, 0.08452862062579757, 0.08477957424288732, 0.08478335576593767, 0.08480273778865206, 0.08485664597810953, 0.08490718463603943, 0.08493821126478542, 0.08495356010082064, 0.08497032757111103, 0.08501599472199352, 0.0850297527916113, 0.08503998439233258, 0.08507101219347998, 0.08507230089282682, 0.08507340992384335, 0.08509387312528595, 0.08511562919559304, 0.08511562919559304, 0.08511562919559304, 0.08512622277895741, 0.08515056041747583, 0.08515056041747583, 0.08516337358640845, 0.08516337358640845, 0.08516337358640845, 0.08517489805599426, 0.0851875315565966]

listEveGenDiversityMetric1_AllRunsAve:
[1.0, 1.0, 0.9803333333333334, 0.9616666666666666, 0.8503333333333333, 0.8263333333333333, 0.7580000000000001, 0.7393333333333332, 0.7313333333333335, 0.7599999999999998, 0.7783333333333332, 0.778, 0.788, 0.7943333333333334, 0.7803333333333332, 0.7693333333333333, 0.749, 0.7350000000000001, 0.7380000000000001, 0.7203333333333333, 0.6873333333333335, 0.6386666666666668, 0.6311666666666667, 0.6249444444444446, 0.5646388888888889, 0.5314777777777777, 0.540361111111111, 0.5603079365079364, 0.5549722222222222, 0.5526917989417991, 0.5516626984126985, 0.5478140331890331, 0.5552552910052911, 0.5638653744403743, 0.5628631313131311, 0.5713866522366524, 0.5785897357272358, 0.5808198606948607, 0.5860544335294335, 0.5872281975578028, 0.5878297250951664, 0.5886313268158857, 0.5886442580453031, 0.5875888716095256, 0.5870803643882205, 0.5862216969388253, 0.5867216104784201, 0.5855463196252082, 0.585790583849054, 0.5853270330536128, 0.5839684127334087]

listfEveGenProportion_belongToLocalSearchedIndNeighbor_exceptCurrLocalSearchedInd_AllRunsAve:
[0.0, 0.0, 0.0, 0.0, 0.0, 0.0, 0.0, 0.001, 0.002, 0.003333333333333333, 0.010333333333333333, 0.015000000000000001, 0.033, 0.054000000000000006, 0.0853333333333333, 0.13666666666666666, 0.19633333333333336, 0.25733333333333336, 0.2853333333333334, 0.3296666666666666, 0.411, 0.49166666666666664, 0.5296666666666667, 0.5752222222222223, 0.6899722222222221, 0.7511888888888891, 0.7473611111111111, 0.7927904761904763, 0.7888166666666666, 0.8188997354497355, 0.8437698412698413, 0.8727912698412699, 0.8795518518518519, 0.8791128612128614, 0.89926835016835, 0.9054465728715729, 0.9187335335960338, 0.933721624562801, 0.9284002627002624, 0.9391744821211929, 0.9422544214500097, 0.9425493707545177, 0.9505091478152623, 0.9585331190844298, 0.9580747964840456, 0.9568234675902013, 0.9613708010952645, 0.9644094703757269, 0.9616829366719067, 0.9637272565630166, 0.9655378752405602]

listiAveDiversityMetric2EveGen:
[24.981286664626065, 248.571462110669, 161.52202339081046, 98.09699102812641, 79.64716187599905, 55.53185864435601, 28.00805489779954, 20.092134191749146, 9.860018028092373, 8.232430470360166, 8.156028271945042, 5.302123621399177, 4.160266008230453, 3.985535436520083, 3.4842146950991406, 3.4454527810087403, 3.2415458912355883, 3.289319439512975, 2.6481079957827434, 2.5168557684590014, 2.420159854436622, 2.507459887270732, 2.465769161953764, 2.507568818879283, 2.53261408123974, 2.585996427675281, 2.890642763927162, 3.3917372131412886, 3.140021376680217, 2.8870513201673447, 2.8715665137631703, 2.8957686424370013, 2.9786954707655373, 3.0754534997290066, 3.138423239974023, 3.202353998421345, 3.269420630316412, 3.3034722067530633, 3.3704698039781573, 3.4517158333306157, 3.488593931440673, 3.49967995045116, 3.548611811534914, 3.5873807758469076, 3.5988348332536604, 3.612476942953977, 3.660007118860983, 3.688362299670012, 3.718897508381218, 3.7438358601922177, 3.7608482813527924]

listiAveFitEvaNumByThisGen:
[100, 1200, 2300, 3400, 4500, 5600, 6700, 7800, 8900, 10000, 11100, 12200, 13300, 14400, 15500, 16600, 17700, 18800, 19900, 21000, 22100, 23200, 24303, 25413, 26536, 27673, 28830, 30023, 31263, 32556, 33913, 35323, 36806, 38366, 40016, 41750, 43580, 45506, 47533, 49660, 51883, 54206, 56630, 59153, 61776, 64500, 67323, 70246, 73270, 76393, 79616]
------------------------new instance-----------------------------
