listfAveBestIndFitnessEveryGen:
[0.08937228283064128, 0.09575295270484038, 0.10789639337611338, 0.11670588577590638, 0.12999667010033164, 0.1401295075275017, 0.1448879370848618, 0.15568703104285306, 0.16116707174902695, 0.16589078200794827, 0.16976812410466738, 0.1731971495905142, 0.17490927989471744, 0.17747141585325438, 0.17921617976864496, 0.1800464601459502, 0.18067421595683383, 0.18233881784375017, 0.18444060575316362, 0.1845734379587681, 0.18555070112075595, 0.18707719243562662, 0.18734822551949498, 0.18880792550662723, 0.18884299965992968, 0.18884299965992968, 0.18884299965992968, 0.18913248463138105, 0.18941257848675314, 0.18978346992104286, 0.18997344602393962, 0.18997344602393962, 0.19081025636935178, 0.19081025636935178, 0.19081025636935178, 0.19081025636935178, 0.1912115423844834, 0.1913114007349048, 0.1913114007349048, 0.19140151848738013, 0.19140151848738013, 0.19140151848738013, 0.19140151848738013, 0.19150137683780152, 0.19169135294069825, 0.19179121129111965, 0.19189106964154107, 0.19189106964154107, 0.19199092799196246, 0.19199092799196246, 0.19199092799196246, 0.19199092799196246, 0.19199092799196246, 0.19199092799196246, 0.19199092799196246, 0.19199092799196246, 0.19199092799196246, 0.19199092799196246, 0.19199092799196246, 0.19199092799196246, 0.19199092799196246, 0.19199092799196246, 0.19199092799196246, 0.19199092799196246, 0.19199092799196246, 0.19199092799196246, 0.19199092799196246, 0.19199092799196246, 0.19199092799196246, 0.19199092799196246, 0.19199092799196246, 0.19199092799196246, 0.19199092799196246, 0.19199092799196246, 0.19199092799196246, 0.19199092799196246, 0.19199092799196246, 0.19199092799196246, 0.19199092799196246, 0.19199092799196246, 0.19199092799196246, 0.19199092799196246, 0.19199092799196246, 0.19199092799196246, 0.19199092799196246, 0.19199092799196246, 0.19199092799196246, 0.19199092799196246, 0.19199092799196246, 0.19199092799196246, 0.19199092799196246, 0.19199092799196246, 0.19199092799196246, 0.19199092799196246, 0.19199092799196246, 0.19199092799196246, 0.19199092799196246, 0.19199092799196246, 0.19199092799196246, 0.19199092799196246, 0.19199092799196246]

listiAveDiversityMetric1EveGen:
[1.0, 0.9970000000000001, 0.9960000000000001, 0.9950000000000001, 0.99, 0.99, 0.994, 0.9890000000000001, 0.9730000000000001, 0.966, 0.9620000000000001, 0.9570000000000001, 0.9490000000000002, 0.9400000000000002, 0.9240000000000002, 0.907, 0.883, 0.8620000000000001, 0.851, 0.827, 0.7880000000000001, 0.7689999999999999, 0.7329999999999999, 0.7000000000000001, 0.6579999999999998, 0.6409999999999999, 0.619, 0.5790000000000001, 0.5469999999999999, 0.518, 0.49300000000000005, 0.477, 0.46799999999999997, 0.45599999999999996, 0.43999999999999995, 0.41900000000000004, 0.3990000000000001, 0.38500000000000006, 0.35700000000000004, 0.3570000000000001, 0.34199999999999997, 0.326, 0.308, 0.292, 0.27899999999999997, 0.2760000000000001, 0.265, 0.251, 0.23699999999999996, 0.22199999999999998, 0.20400000000000001, 0.193, 0.18200000000000002, 0.17, 0.16300000000000003, 0.158, 0.15, 0.142, 0.135, 0.13000000000000003, 0.11700000000000002, 0.11500000000000002, 0.10800000000000001, 0.10200000000000001, 0.093, 0.08800000000000001, 0.084, 0.07200000000000002, 0.06800000000000002, 0.06600000000000003, 0.06200000000000002, 0.06100000000000002, 0.05900000000000002, 0.053000000000000005, 0.05200000000000001, 0.044000000000000004, 0.043000000000000003, 0.04100000000000001, 0.03900000000000001, 0.03900000000000001, 0.038000000000000006, 0.03700000000000001, 0.03700000000000001, 0.03600000000000001, 0.03400000000000001, 0.03400000000000001, 0.03300000000000001, 0.03200000000000001, 0.031000000000000007, 0.031000000000000007, 0.031000000000000007, 0.031000000000000007, 0.030000000000000006, 0.030000000000000006, 0.030000000000000006, 0.030000000000000006, 0.030000000000000006, 0.030000000000000006, 0.030000000000000006, 0.030000000000000006, 0.028999999999999998]

listiAveDiversityMetric2EveGen:
[1.0, 0.9890000000000001, 0.976, 0.9730000000000002, 0.9580000000000002, 0.9570000000000002, 0.9620000000000003, 0.9420000000000002, 0.922, 0.9160000000000001, 0.8920000000000001, 0.8640000000000004, 0.826, 0.8059999999999998, 0.776, 0.733, 0.694, 0.656, 0.636, 0.611, 0.569, 0.5410000000000001, 0.506, 0.4680000000000001, 0.441, 0.418, 0.394, 0.3650000000000001, 0.337, 0.30999999999999994, 0.289, 0.275, 0.27, 0.266, 0.26000000000000006, 0.251, 0.23900000000000005, 0.236, 0.21800000000000003, 0.21500000000000008, 0.21000000000000005, 0.199, 0.18900000000000003, 0.182, 0.17800000000000002, 0.17700000000000005, 0.17100000000000004, 0.168, 0.16100000000000003, 0.15500000000000003, 0.14400000000000004, 0.13600000000000004, 0.12900000000000003, 0.12200000000000003, 0.12100000000000002, 0.12000000000000002, 0.11500000000000003, 0.11300000000000003, 0.11100000000000002, 0.10800000000000001, 0.101, 0.1, 0.094, 0.091, 0.08700000000000001, 0.08200000000000003, 0.07900000000000003, 0.07000000000000002, 0.06800000000000002, 0.06600000000000003, 0.06200000000000002, 0.06100000000000002, 0.05900000000000002, 0.053000000000000005, 0.05200000000000001, 0.044000000000000004, 0.043000000000000003, 0.04100000000000001, 0.03900000000000001, 0.03900000000000001, 0.038000000000000006, 0.03700000000000001, 0.03700000000000001, 0.03600000000000001, 0.03400000000000001, 0.03400000000000001, 0.03300000000000001, 0.03200000000000001, 0.031000000000000007, 0.031000000000000007, 0.031000000000000007, 0.031000000000000007, 0.030000000000000006, 0.030000000000000006, 0.030000000000000006, 0.030000000000000006, 0.030000000000000006, 0.030000000000000006, 0.030000000000000006, 0.030000000000000006, 0.028999999999999998]

listiAveFitEvaNumByThisGen:
[50, 138, 229, 318, 408, 500, 590, 680, 771, 861, 952, 1041, 1132, 1220, 1309, 1398, 1489, 1579, 1669, 1758, 1847, 1936, 2024, 2115, 2203, 2294, 2383, 2472, 2561, 2652, 2744, 2834, 2925, 3016, 3106, 3195, 3285, 3376, 3466, 3556, 3645, 3736, 3825, 3916, 4006, 4096, 4187, 4276, 4365, 4455, 4544, 4634, 4724, 4814, 4902, 4992, 5081, 5173, 5261, 5352, 5443, 5533, 5623, 5715, 5805, 5895, 5985, 6075, 6165, 6256, 6346, 6436, 6525, 6616, 6706, 6797, 6886, 6977, 7066, 7157, 7247, 7338, 7427, 7518, 7608, 7698, 7788, 7877, 7968, 8057, 8147, 8237, 8326, 8415, 8507, 8596, 8684, 8775, 8868, 8959, 9048]
------------------------new instance-----------------------------
