2.469285185780076517e+03 2.469285185780076517e+03 2.600288010992244381e+03 2.469285185780076517e+03 2.463185204799589428e+03 2.463185204799589428e+03 2.469285185780076517e+03 2.600288010992244381e+03 2.463185204799589428e+03 2.463185204799589428e+03
2.978528713328963022e+03 2.874027324110831159e+03 2.978528713328963022e+03 2.978528713328963022e+03 2.874027324110831159e+03 2.874027324110831159e+03 2.874027324110831159e+03 2.874027324110831159e+03 2.874027324110831159e+03 2.978528713328963022e+03
2.638921909063609746e+03 2.638921909063609746e+03 2.638921909063609746e+03 2.623350252590877062e+03 2.623350252590877062e+03 2.638921909063609746e+03 2.655653922285694534e+03 2.638921909063609746e+03 2.655653922285694534e+03 2.638921909063609746e+03
2.323917774879628269e+03 2.323917774879628269e+03 2.323917774879628269e+03 2.323917774879628269e+03 2.323917774879628269e+03 2.323917774879628269e+03 2.323917774879628269e+03 2.323917774879628269e+03 2.323917774879628269e+03 2.323917774879628269e+03
2.917869538251406993e+03 2.917869538251406993e+03 2.917869538251406993e+03 3.000297460392001085e+03 2.917869538251406993e+03 2.917869538251406993e+03 2.917869538251406993e+03 2.917869538251406993e+03 2.917869538251406993e+03 2.917869538251406993e+03
3.149308661796439992e+03 3.149308661796439992e+03 3.149308661796439992e+03 3.420035537858022053e+03 3.298518685690449729e+03 3.298518685690449729e+03 3.149308661796439992e+03 3.149308661796439992e+03 3.246501564991438954e+03 3.149308661796439992e+03
3.324979015848852214e+03 3.324979015848852214e+03 3.324979015848852214e+03 3.324979015848852214e+03 3.324979015848852214e+03 3.324979015848852214e+03 3.324979015848852214e+03 3.324979015848852214e+03 3.324979015848852214e+03 3.324979015848852214e+03
3.230336786967263834e+03 3.165869427635273496e+03 3.165869427635273496e+03 3.165869427635273496e+03 3.165869427635273496e+03 3.165869427635273496e+03 3.165869427635273496e+03 3.165869427635273496e+03 3.165869427635273496e+03 3.230336786967263834e+03
2.062696726256041984e+03 2.062696726256041984e+03 2.062696726256041984e+03 2.062696726256041984e+03 2.062696726256041984e+03 2.062696726256041984e+03 2.062696726256041984e+03 2.062696726256041984e+03 2.062696726256041984e+03 2.062696726256041984e+03
2.300232307917920934e+03 2.300232307917920934e+03 2.334728791469333373e+03 2.496341774771159635e+03 2.441062834464311436e+03 2.300232307917920934e+03 2.334728791469333373e+03 2.530838258322572074e+03 2.300232307917920934e+03 2.550905314936572722e+03
