listiEveGenLocalSearchedIndNum_AllRunsEve:
[0.0, 8.466666666666667, 11.5, 11.7, 11.833333333333334, 11.833333333333334, 11.9, 11.9, 11.9, 11.9, 11.9, 11.9, 11.9, 11.9, 11.9, 11.9, 11.9, 11.9, 11.9, 11.9, 11.9, 11.9, 11.9, 11.9, 11.9, 11.9, 11.9, 11.9, 11.9, 11.9, 11.9]

listfEveGenBestIndFitness_AllRunsAve:
[0.3206587924904066, 0.4014298390570692, 0.4043842123846132, 0.405164593460067, 0.4059115443406666, 0.4059115443406666, 0.4059784047303752, 0.4059784047303752, 0.4059784047303752, 0.4059784047303752, 0.4059784047303752, 0.4059784047303752, 0.4059784047303752, 0.4059784047303752, 0.4059784047303752, 0.4059784047303752, 0.4059784047303752, 0.4059784047303752, 0.4059784047303752, 0.4059784047303752, 0.4059784047303752, 0.4059784047303752, 0.4059784047303752, 0.4059784047303752, 0.4059784047303752, 0.4059784047303752, 0.4059784047303752, 0.4059784047303752, 0.4059784047303752, 0.4059784047303752, 0.4059784047303752]

listEveGenDiversityMetric1_AllRunsAve:
[0.9899999999999999, 0.6955555555555556, 0.3511111111111112, 0.1411111111111111, 0.09888888888888894, 0.0933333333333334, 0.08555555555555559, 0.07222222222222224, 0.06444444444444446, 0.054444444444444455, 0.04333333333333335, 0.038888888888888896, 0.037777777777777785, 0.03666666666666667, 0.03333333333333333, 0.03333333333333333, 0.03333333333333333, 0.03333333333333333, 0.03333333333333333, 0.03333333333333333, 0.03333333333333333, 0.03333333333333333, 0.03333333333333333, 0.03333333333333333, 0.03333333333333333, 0.03333333333333333, 0.03333333333333333, 0.03333333333333333, 0.03333333333333333, 0.03333333333333333, 0.03333333333333333]

listfEveGenProportion_belongToLocalSearchedIndNeighbor_exceptCurrLocalSearchedInd_AllRunsAve:
[0.0, 0.0, 0.82, 0.9655555555555554, 0.991111111111111, 0.9977777777777778, 0.9955555555555554, 1.0, 0.9988888888888889, 0.9977777777777778, 0.9988888888888889, 1.0, 1.0, 1.0, 1.0, 1.0, 1.0, 1.0, 1.0, 1.0, 1.0, 1.0, 1.0, 1.0, 1.0, 1.0, 1.0, 1.0, 1.0, 1.0, 1.0]

listiAveDiversityMetric2EveGen:
[2.4705509314308363, 1.6552537983881626, 1.6856056722596553, 1.3131217686176067, 0.9488062711939047, 0.9348757651825428, 0.844908794644823, 0.7523572466640243, 0.6533104329061522, 0.4497615713216188, 0.24010780816488309, 0.1414584048971683, 0.13103413044435638, 0.08083357554939005, 0.0, 0.0, 0.0, 0.0, 0.0, 0.0, 0.0, 0.0, 0.0, 0.0, 0.0, 0.0, 0.0, 0.0, 0.0, 0.0, 0.0]

listiAveFitEvaNumByThisGen:
[30, 168, 251, 308, 363, 417, 471, 526, 580, 635, 688, 742, 796, 849, 904, 958, 1013, 1067, 1121, 1174, 1229, 1284, 1337, 1391, 1445, 1499, 1553, 1607, 1662, 1716, 1771]
------------------------new instance-----------------------------
listiEveGenLocalSearchedIndNum_AllRunsEve:
[0.0, 9.0, 12.133333333333333, 12.433333333333334, 12.433333333333334, 12.433333333333334, 12.433333333333334, 12.433333333333334, 12.433333333333334, 12.433333333333334, 12.433333333333334, 12.433333333333334, 12.433333333333334, 12.433333333333334, 12.433333333333334, 12.433333333333334, 12.433333333333334, 12.433333333333334, 12.433333333333334, 12.433333333333334, 12.433333333333334, 12.433333333333334, 12.433333333333334, 12.433333333333334, 12.433333333333334, 12.433333333333334, 12.433333333333334, 12.433333333333334, 12.433333333333334, 12.433333333333334, 12.433333333333334]

listfEveGenBestIndFitness_AllRunsAve:
[0.28804631393411545, 0.3403986631516403, 0.34753688487014667, 0.3479438040170273, 0.3479438040170273, 0.3479438040170273, 0.3479438040170273, 0.3479438040170273, 0.3479438040170273, 0.3479438040170273, 0.3479438040170273, 0.3479438040170273, 0.3479438040170273, 0.3479438040170273, 0.3479438040170273, 0.3479438040170273, 0.3479438040170273, 0.3479438040170273, 0.3479438040170273, 0.3479438040170273, 0.3479438040170273, 0.3479438040170273, 0.3479438040170273, 0.3479438040170273, 0.3479438040170273, 0.3479438040170273, 0.3479438040170273, 0.3479438040170273, 0.3479438040170273, 0.3479438040170273, 0.3479438040170273]

listEveGenDiversityMetric1_AllRunsAve:
[0.9899999999999999, 0.7066666666666666, 0.29555555555555557, 0.10666666666666672, 0.08555555555555559, 0.06666666666666667, 0.05333333333333334, 0.04000000000000001, 0.03333333333333333, 0.03333333333333333, 0.03333333333333333, 0.03333333333333333, 0.03333333333333333, 0.03333333333333333, 0.03333333333333333, 0.03333333333333333, 0.03333333333333333, 0.03333333333333333, 0.03333333333333333, 0.03333333333333333, 0.03333333333333333, 0.03333333333333333, 0.03333333333333333, 0.03333333333333333, 0.03333333333333333, 0.03333333333333333, 0.03333333333333333, 0.03333333333333333, 0.03333333333333333, 0.03333333333333333, 0.03333333333333333]

listfEveGenProportion_belongToLocalSearchedIndNeighbor_exceptCurrLocalSearchedInd_AllRunsAve:
[0.0, 0.0, 0.7211111111111111, 0.9977777777777778, 1.0, 1.0, 1.0, 1.0, 1.0, 1.0, 1.0, 1.0, 1.0, 1.0, 1.0, 1.0, 1.0, 1.0, 1.0, 1.0, 1.0, 1.0, 1.0, 1.0, 1.0, 1.0, 1.0, 1.0, 1.0, 1.0, 1.0]

listiAveDiversityMetric2EveGen:
[2.470734134848285, 1.90924666402431, 1.4834354163914214, 0.5920278328268817, 0.3310619632712378, 0.2203313515655965, 0.1307325494340952, 0.0376454837715242, 0.0, 0.0, 0.0, 0.0, 0.0, 0.0, 0.0, 0.0, 0.0, 0.0, 0.0, 0.0, 0.0, 0.0, 0.0, 0.0, 0.0, 0.0, 0.0, 0.0, 0.0, 0.0, 0.0]

listiAveFitEvaNumByThisGen:
[30, 173, 258, 316, 369, 423, 477, 531, 585, 640, 693, 748, 801, 855, 909, 964, 1018, 1072, 1126, 1180, 1235, 1289, 1343, 1396, 1451, 1505, 1558, 1612, 1667, 1721, 1776]
------------------------new instance-----------------------------
listiEveGenLocalSearchedIndNum_AllRunsEve:
[0.0, 8.7, 13.466666666666667, 14.5, 14.666666666666666, 14.766666666666667, 14.766666666666667, 14.766666666666667, 14.766666666666667, 14.766666666666667, 14.766666666666667, 14.766666666666667, 14.766666666666667, 14.766666666666667, 14.766666666666667, 14.8, 14.8, 14.8, 14.8, 14.8, 14.8, 14.8, 14.8, 14.8, 14.8, 14.8, 14.8, 14.8, 14.8, 14.8, 14.8]

listfEveGenBestIndFitness_AllRunsAve:
[0.322896929770301, 0.37769650560213247, 0.3804283546598376, 0.38073747874563557, 0.38088743367192984, 0.38103738859822417, 0.38103738859822417, 0.38103738859822417, 0.38103738859822417, 0.38103738859822417, 0.38103738859822417, 0.38103738859822417, 0.38103738859822417, 0.38103738859822417, 0.38103738859822417, 0.38119195064112316, 0.38119195064112316, 0.38119195064112316, 0.38119195064112316, 0.38119195064112316, 0.38119195064112316, 0.38119195064112316, 0.38119195064112316, 0.38119195064112316, 0.38119195064112316, 0.38119195064112316, 0.38119195064112316, 0.38119195064112316, 0.38119195064112316, 0.38119195064112316, 0.38119195064112316]

listEveGenDiversityMetric1_AllRunsAve:
[0.9899999999999999, 0.6877777777777777, 0.38, 0.2911111111111111, 0.2366666666666667, 0.1677777777777778, 0.12222222222222225, 0.09333333333333334, 0.07333333333333333, 0.05777777777777779, 0.05111111111111112, 0.044444444444444446, 0.04222222222222223, 0.03888888888888889, 0.03666666666666667, 0.03777777777777778, 0.035555555555555556, 0.035555555555555556, 0.03444444444444444, 0.03444444444444444, 0.03444444444444444, 0.03444444444444444, 0.03444444444444444, 0.03444444444444444, 0.03444444444444444, 0.03444444444444444, 0.03444444444444444, 0.03444444444444444, 0.03444444444444444, 0.03444444444444444, 0.03444444444444444]

listfEveGenProportion_belongToLocalSearchedIndNeighbor_exceptCurrLocalSearchedInd_AllRunsAve:
[0.0, 0.0, 0.6800000000000002, 0.9688888888888888, 0.973333333333333, 0.9833333333333333, 0.9944444444444444, 1.0, 0.9988888888888889, 1.0, 1.0, 1.0, 1.0, 1.0, 1.0, 0.9988888888888888, 1.0, 1.0, 1.0, 1.0, 1.0, 1.0, 1.0, 1.0, 1.0, 1.0, 1.0, 1.0, 1.0, 1.0, 1.0]

listiAveDiversityMetric2EveGen:
[2.468142863434183, 2.044506451754965, 1.9990226802307658, 2.010445413308671, 2.003777513542079, 1.938210419694367, 1.747582331439644, 1.3947656669749413, 1.0694950455806578, 0.7674715286035142, 0.43958250759677636, 0.2989372440216673, 0.2569019245166689, 0.16236473334214122, 0.0997429867441758, 0.10783494076716431, 0.04162099793015369, 0.02325133218831197, 0.008296296296296291, 0.008296296296296291, 0.008296296296296291, 0.008296296296296291, 0.008296296296296291, 0.014955035892015673, 0.014955035892015673, 0.014955035892015673, 0.020204518430439952, 0.020204518430439952, 0.024256132470163387, 0.0273043554850927, 0.03311754084643502]

listiAveFitEvaNumByThisGen:
[30, 170, 271, 336, 391, 447, 500, 555, 608, 663, 717, 771, 825, 878, 933, 987, 1042, 1096, 1150, 1203, 1258, 1313, 1366, 1420, 1474, 1528, 1582, 1636, 1691, 1745, 1800]
------------------------new instance-----------------------------
listiEveGenLocalSearchedIndNum_AllRunsEve:
[0.0, 8.933333333333334, 11.433333333333334, 11.433333333333334, 11.433333333333334, 11.433333333333334, 11.433333333333334, 11.433333333333334, 11.433333333333334, 11.433333333333334, 11.433333333333334, 11.433333333333334, 11.433333333333334, 11.433333333333334, 11.433333333333334, 11.433333333333334, 11.433333333333334, 11.433333333333334, 11.433333333333334, 11.433333333333334, 11.433333333333334, 11.433333333333334, 11.433333333333334, 11.433333333333334, 11.433333333333334, 11.433333333333334, 11.433333333333334, 11.433333333333334, 11.433333333333334, 11.433333333333334, 11.433333333333334]

listfEveGenBestIndFitness_AllRunsAve:
[0.3182202420628597, 0.42176299920054283, 0.43030782362848324, 0.43030782362848324, 0.43030782362848324, 0.43030782362848324, 0.43030782362848324, 0.43030782362848324, 0.43030782362848324, 0.43030782362848324, 0.43030782362848324, 0.43030782362848324, 0.43030782362848324, 0.43030782362848324, 0.43030782362848324, 0.43030782362848324, 0.43030782362848324, 0.43030782362848324, 0.43030782362848324, 0.43030782362848324, 0.43030782362848324, 0.43030782362848324, 0.43030782362848324, 0.43030782362848324, 0.43030782362848324, 0.43030782362848324, 0.43030782362848324, 0.43030782362848324, 0.43030782362848324, 0.43030782362848324, 0.43030782362848324]

listEveGenDiversityMetric1_AllRunsAve:
[0.9899999999999999, 0.6544444444444444, 0.2555555555555556, 0.10555555555555558, 0.04111111111111112, 0.03333333333333333, 0.03333333333333333, 0.03333333333333333, 0.03333333333333333, 0.03333333333333333, 0.03333333333333333, 0.03333333333333333, 0.03333333333333333, 0.03333333333333333, 0.03333333333333333, 0.03333333333333333, 0.03333333333333333, 0.03333333333333333, 0.03333333333333333, 0.03333333333333333, 0.03333333333333333, 0.03333333333333333, 0.03333333333333333, 0.03333333333333333, 0.03333333333333333, 0.03333333333333333, 0.03333333333333333, 0.03333333333333333, 0.03333333333333333, 0.03333333333333333, 0.03333333333333333]

listfEveGenProportion_belongToLocalSearchedIndNeighbor_exceptCurrLocalSearchedInd_AllRunsAve:
[0.0, 0.0, 0.7766666666666665, 0.9877777777777778, 1.0, 1.0, 1.0, 1.0, 1.0, 1.0, 1.0, 1.0, 1.0, 1.0, 1.0, 1.0, 1.0, 1.0, 1.0, 1.0, 1.0, 1.0, 1.0, 1.0, 1.0, 1.0, 1.0, 1.0, 1.0, 1.0, 1.0]

listiAveDiversityMetric2EveGen:
[2.4722279473290176, 1.505062932135465, 1.1807530717399919, 0.7500161183775926, 0.11147047166072135, 0.0, 0.0, 0.0, 0.0, 0.0, 0.0, 0.0, 0.0, 0.0, 0.0, 0.0, 0.0, 0.0, 0.0, 0.0, 0.0, 0.0, 0.0, 0.0, 0.0, 0.0, 0.0, 0.0, 0.0, 0.0, 0.0]

listiAveFitEvaNumByThisGen:
[30, 172, 251, 306, 359, 413, 467, 521, 575, 630, 683, 738, 791, 845, 899, 954, 1008, 1062, 1116, 1170, 1225, 1279, 1333, 1386, 1441, 1495, 1548, 1602, 1657, 1711, 1766]
------------------------new instance-----------------------------
listiEveGenLocalSearchedIndNum_AllRunsEve:
[0.0, 9.0, 11.166666666666666, 11.166666666666666, 11.166666666666666, 11.166666666666666, 11.166666666666666, 11.166666666666666, 11.166666666666666, 11.166666666666666, 11.166666666666666, 11.166666666666666, 11.166666666666666, 11.166666666666666, 11.166666666666666, 11.166666666666666, 11.166666666666666, 11.166666666666666, 11.166666666666666, 11.166666666666666, 11.166666666666666, 11.166666666666666, 11.166666666666666, 11.166666666666666, 11.166666666666666, 11.166666666666666, 11.166666666666666, 11.166666666666666, 11.166666666666666, 11.166666666666666, 11.166666666666666]

listfEveGenBestIndFitness_AllRunsAve:
[0.2761667599804137, 0.3381622544788411, 0.3427158023656089, 0.3427158023656089, 0.3427158023656089, 0.3427158023656089, 0.3427158023656089, 0.3427158023656089, 0.3427158023656089, 0.3427158023656089, 0.3427158023656089, 0.3427158023656089, 0.3427158023656089, 0.3427158023656089, 0.3427158023656089, 0.3427158023656089, 0.3427158023656089, 0.3427158023656089, 0.3427158023656089, 0.3427158023656089, 0.3427158023656089, 0.3427158023656089, 0.3427158023656089, 0.3427158023656089, 0.3427158023656089, 0.3427158023656089, 0.3427158023656089, 0.3427158023656089, 0.3427158023656089, 0.3427158023656089, 0.3427158023656089]

listEveGenDiversityMetric1_AllRunsAve:
[0.9899999999999999, 0.6688888888888891, 0.3133333333333334, 0.12888888888888891, 0.041111111111111126, 0.03333333333333333, 0.03333333333333333, 0.03333333333333333, 0.03333333333333333, 0.03333333333333333, 0.03333333333333333, 0.03333333333333333, 0.03333333333333333, 0.03333333333333333, 0.03333333333333333, 0.03333333333333333, 0.03333333333333333, 0.03333333333333333, 0.03333333333333333, 0.03333333333333333, 0.03333333333333333, 0.03333333333333333, 0.03333333333333333, 0.03333333333333333, 0.03333333333333333, 0.03333333333333333, 0.03333333333333333, 0.03333333333333333, 0.03333333333333333, 0.03333333333333333, 0.03333333333333333]

listfEveGenProportion_belongToLocalSearchedIndNeighbor_exceptCurrLocalSearchedInd_AllRunsAve:
[0.0, 0.0, 0.7866666666666666, 0.9766666666666665, 0.9977777777777778, 1.0, 1.0, 1.0, 1.0, 1.0, 1.0, 1.0, 1.0, 1.0, 1.0, 1.0, 1.0, 1.0, 1.0, 1.0, 1.0, 1.0, 1.0, 1.0, 1.0, 1.0, 1.0, 1.0, 1.0, 1.0, 1.0]

listiAveDiversityMetric2EveGen:
[2.4727183687849563, 1.6603130312238512, 1.5760591887964066, 0.9318409301096579, 0.06065724226009601, 0.0, 0.0, 0.0, 0.0, 0.0, 0.0, 0.0, 0.0, 0.0, 0.0, 0.0, 0.0, 0.0, 0.0, 0.0, 0.0, 0.0, 0.0, 0.0, 0.0, 0.0, 0.0, 0.0, 0.0, 0.0, 0.0]

listiAveFitEvaNumByThisGen:
[30, 173, 248, 303, 356, 411, 464, 519, 572, 627, 681, 735, 789, 842, 897, 951, 1005, 1059, 1114, 1167, 1222, 1276, 1330, 1384, 1438, 1492, 1546, 1599, 1654, 1709, 1763]
------------------------new instance-----------------------------
listiEveGenLocalSearchedIndNum_AllRunsEve:
[0.0, 8.733333333333333, 13.833333333333334, 15.0, 15.1, 15.1, 15.1, 15.1, 15.1, 15.1, 15.1, 15.1, 15.1, 15.1, 15.1, 15.1, 15.1, 15.1, 15.1, 15.1, 15.1, 15.1, 15.1, 15.1, 15.1, 15.1, 15.1, 15.1, 15.1, 15.1, 15.1]

listfEveGenBestIndFitness_AllRunsAve:
[0.2829840988272941, 0.3096687543401831, 0.3165793936316158, 0.31753000654739766, 0.31753000654739766, 0.31753000654739766, 0.31753000654739766, 0.31753000654739766, 0.31753000654739766, 0.31753000654739766, 0.31753000654739766, 0.31753000654739766, 0.31753000654739766, 0.31753000654739766, 0.31753000654739766, 0.31753000654739766, 0.31753000654739766, 0.31753000654739766, 0.31753000654739766, 0.31753000654739766, 0.31753000654739766, 0.31753000654739766, 0.31753000654739766, 0.31753000654739766, 0.31753000654739766, 0.31753000654739766, 0.31753000654739766, 0.31753000654739766, 0.31753000654739766, 0.31753000654739766, 0.31753000654739766]

listEveGenDiversityMetric1_AllRunsAve:
[0.9899999999999999, 0.7866666666666665, 0.43777777777777777, 0.24666666666666667, 0.14777777777777776, 0.08888888888888893, 0.061111111111111116, 0.0488888888888889, 0.04333333333333335, 0.040000000000000015, 0.03666666666666667, 0.03333333333333333, 0.03333333333333333, 0.03333333333333333, 0.03333333333333333, 0.03333333333333333, 0.03333333333333333, 0.03333333333333333, 0.03333333333333333, 0.03333333333333333, 0.03333333333333333, 0.03333333333333333, 0.03333333333333333, 0.03333333333333333, 0.03333333333333333, 0.03333333333333333, 0.03333333333333333, 0.03333333333333333, 0.03333333333333333, 0.03333333333333333, 0.03333333333333333]

listfEveGenProportion_belongToLocalSearchedIndNeighbor_exceptCurrLocalSearchedInd_AllRunsAve:
[0.0, 0.0, 0.6400000000000001, 0.9722222222222222, 0.9988888888888889, 1.0, 1.0, 1.0, 1.0, 1.0, 1.0, 1.0, 1.0, 1.0, 1.0, 1.0, 1.0, 1.0, 1.0, 1.0, 1.0, 1.0, 1.0, 1.0, 1.0, 1.0, 1.0, 1.0, 1.0, 1.0, 1.0]

listiAveDiversityMetric2EveGen:
[2.469116660060774, 2.440324129123178, 1.5888880081032282, 1.2470233848592942, 0.8265690756154489, 0.7322193156295415, 0.69801100982076, 0.41645659928656364, 0.25870859206412117, 0.18686043951204473, 0.073818293918175, 0.0, 0.0, 0.0, 0.0, 0.0, 0.0, 0.0, 0.0, 0.0, 0.0, 0.0, 0.0, 0.0, 0.0, 0.0, 0.0, 0.0, 0.0, 0.0, 0.0]

listiAveFitEvaNumByThisGen:
[30, 170, 275, 341, 396, 450, 503, 558, 612, 667, 720, 774, 828, 881, 936, 990, 1045, 1099, 1153, 1206, 1261, 1316, 1369, 1423, 1477, 1531, 1585, 1639, 1694, 1748, 1803]
------------------------new instance-----------------------------
listiEveGenLocalSearchedIndNum_AllRunsEve:
[0.0, 8.733333333333333, 10.8, 10.8, 10.8, 10.8, 10.8, 10.8, 10.8, 10.8, 10.8, 10.8, 10.8, 10.8, 10.8, 10.8, 10.8, 10.8, 10.8, 10.8, 10.8, 10.8, 10.8, 10.8, 10.8, 10.8, 10.8, 10.8, 10.8, 10.8, 10.8]

listfEveGenBestIndFitness_AllRunsAve:
[0.23398610642221884, 0.2984454966142296, 0.3007537777632273, 0.3007537777632273, 0.3007537777632273, 0.3007537777632273, 0.3007537777632273, 0.3007537777632273, 0.3007537777632273, 0.3007537777632273, 0.3007537777632273, 0.3007537777632273, 0.3007537777632273, 0.3007537777632273, 0.3007537777632273, 0.3007537777632273, 0.3007537777632273, 0.3007537777632273, 0.3007537777632273, 0.3007537777632273, 0.3007537777632273, 0.3007537777632273, 0.3007537777632273, 0.3007537777632273, 0.3007537777632273, 0.3007537777632273, 0.3007537777632273, 0.3007537777632273, 0.3007537777632273, 0.3007537777632273, 0.3007537777632273]

listEveGenDiversityMetric1_AllRunsAve:
[0.9899999999999999, 0.6833333333333332, 0.33777777777777784, 0.1466666666666667, 0.04222222222222224, 0.03333333333333333, 0.03333333333333333, 0.03333333333333333, 0.03333333333333333, 0.03333333333333333, 0.03333333333333333, 0.03333333333333333, 0.03333333333333333, 0.03333333333333333, 0.03333333333333333, 0.03333333333333333, 0.03333333333333333, 0.03333333333333333, 0.03333333333333333, 0.03333333333333333, 0.03333333333333333, 0.03333333333333333, 0.03333333333333333, 0.03333333333333333, 0.03333333333333333, 0.03333333333333333, 0.03333333333333333, 0.03333333333333333, 0.03333333333333333, 0.03333333333333333, 0.03333333333333333]

listfEveGenProportion_belongToLocalSearchedIndNeighbor_exceptCurrLocalSearchedInd_AllRunsAve:
[0.0, 0.0, 0.8266666666666664, 0.9477777777777778, 0.9966666666666666, 1.0, 1.0, 1.0, 1.0, 1.0, 1.0, 1.0, 1.0, 1.0, 1.0, 1.0, 1.0, 1.0, 1.0, 1.0, 1.0, 1.0, 1.0, 1.0, 1.0, 1.0, 1.0, 1.0, 1.0, 1.0, 1.0]

listiAveDiversityMetric2EveGen:
[2.4717872021843488, 1.621114898489453, 1.683231426432378, 0.9786782930373895, 0.10920192011274059, 0.0, 0.0, 0.0, 0.0, 0.0, 0.0, 0.0, 0.0, 0.0, 0.0, 0.0, 0.0, 0.0, 0.0, 0.0, 0.0, 0.0, 0.0, 0.0, 0.0, 0.0, 0.0, 0.0, 0.0, 0.0, 0.0]

listiAveFitEvaNumByThisGen:
[30, 170, 244, 299, 353, 407, 460, 515, 569, 624, 677, 731, 785, 838, 893, 947, 1002, 1056, 1110, 1163, 1218, 1273, 1326, 1380, 1434, 1488, 1542, 1596, 1651, 1705, 1760]
------------------------new instance-----------------------------
listiEveGenLocalSearchedIndNum_AllRunsEve:
[0.0, 8.866666666666667, 12.7, 13.4, 13.5, 13.5, 13.5, 13.5, 13.5, 13.533333333333333, 13.533333333333333, 13.533333333333333, 13.566666666666666, 13.566666666666666, 13.566666666666666, 13.566666666666666, 13.566666666666666, 13.566666666666666, 13.566666666666666, 13.566666666666666, 13.566666666666666, 13.566666666666666, 13.566666666666666, 13.566666666666666, 13.566666666666666, 13.566666666666666, 13.566666666666666, 13.566666666666666, 13.566666666666666, 13.566666666666666, 13.566666666666666]

listfEveGenBestIndFitness_AllRunsAve:
[0.2554396010910603, 0.30930055039849436, 0.3148183715291176, 0.3154487466713789, 0.3154487466713789, 0.3154487466713789, 0.3154487466713789, 0.3154487466713789, 0.3154487466713789, 0.31565887171879936, 0.31565887171879936, 0.31565887171879936, 0.31586899676621977, 0.31586899676621977, 0.31586899676621977, 0.31586899676621977, 0.31586899676621977, 0.31586899676621977, 0.31586899676621977, 0.31586899676621977, 0.31586899676621977, 0.31586899676621977, 0.31586899676621977, 0.31586899676621977, 0.31586899676621977, 0.31586899676621977, 0.31586899676621977, 0.31586899676621977, 0.31586899676621977, 0.31586899676621977, 0.31586899676621977]

listEveGenDiversityMetric1_AllRunsAve:
[0.9899999999999999, 0.7277777777777779, 0.38222222222222224, 0.19333333333333336, 0.13111111111111112, 0.10111111111111115, 0.08111111111111113, 0.05888888888888891, 0.04444444444444446, 0.04222222222222224, 0.035555555555555556, 0.03444444444444444, 0.035555555555555556, 0.035555555555555556, 0.035555555555555556, 0.035555555555555556, 0.035555555555555556, 0.035555555555555556, 0.035555555555555556, 0.03444444444444444, 0.03444444444444444, 0.03444444444444444, 0.03333333333333333, 0.03333333333333333, 0.03333333333333333, 0.03333333333333333, 0.03333333333333333, 0.03333333333333333, 0.03333333333333333, 0.03333333333333333, 0.03333333333333333]

listfEveGenProportion_belongToLocalSearchedIndNeighbor_exceptCurrLocalSearchedInd_AllRunsAve:
[0.0, 0.0, 0.7144444444444443, 0.9722222222222221, 0.9966666666666666, 0.9977777777777778, 0.9966666666666666, 0.9966666666666666, 1.0, 0.9988888888888889, 1.0, 1.0, 0.9988888888888888, 1.0, 1.0, 1.0, 1.0, 1.0, 1.0, 1.0, 1.0, 1.0, 1.0, 1.0, 1.0, 1.0, 1.0, 1.0, 1.0, 1.0, 1.0]

listiAveDiversityMetric2EveGen:
[2.4700619192319553, 1.7518093979830007, 1.6410537719645923, 1.2989411194785747, 1.1876401109789931, 1.0685001100982077, 0.8004100938036728, 0.5400318844409213, 0.3053620469458757, 0.17490430263795304, 0.037823050160743374, 0.008296296296296291, 0.016592592592592582, 0.023251332188311966, 0.028500814726736243, 0.04973127229488704, 0.059424142334962786, 0.06280917778658564, 0.06587853965737438, 0.03333174791914388, 0.033331747919143874, 0.02020451843043995, 0.0, 0.0, 0.0, 0.0, 0.0, 0.0, 0.0, 0.0, 0.0]

listiAveFitEvaNumByThisGen:
[30, 172, 263, 325, 380, 434, 487, 542, 596, 651, 704, 759, 813, 866, 921, 975, 1029, 1083, 1138, 1191, 1246, 1300, 1354, 1408, 1462, 1516, 1570, 1623, 1678, 1733, 1787]
------------------------new instance-----------------------------
