listiEveGenLocalSearchedIndNum_AllRunsEve:
[0.0, 9.933333333333334, 19.633333333333333, 29.333333333333332, 37.3, 42.9, 46.56666666666667, 49.13333333333333, 50.3, 50.93333333333333, 51.166666666666664, 51.233333333333334, 51.233333333333334, 51.233333333333334, 51.233333333333334, 51.233333333333334, 51.233333333333334, 51.266666666666666, 51.266666666666666, 51.266666666666666, 51.266666666666666]

listfEveGenBestIndFitness_AllRunsAve:
[0.08026170625825388, 0.09564077056391287, 0.12924405552320922, 0.1563317638015932, 0.17433047753797207, 0.18084415131507287, 0.1853104408610566, 0.1864749361631304, 0.18715550005581313, 0.18753045635933374, 0.18753045635933374, 0.18753045635933374, 0.18753045635933374, 0.18753045635933374, 0.18753045635933374, 0.18753045635933374, 0.18753045635933374, 0.18760999887299973, 0.18760999887299973, 0.18760999887299973, 0.18760999887299973]

listEveGenDiversityMetric1_AllRunsAve:
[1.0, 0.9783333333333333, 0.9433333333333332, 0.7583333333333335, 0.6233333333333331, 0.49833333333333335, 0.4016666666666667, 0.3350000000000001, 0.25166666666666676, 0.18333333333333332, 0.15166666666666664, 0.13333333333333333, 0.13, 0.12833333333333333, 0.12166666666666665, 0.11666666666666665, 0.11499999999999999, 0.11, 0.105, 0.09000000000000001, 0.08666666666666668]

listfEveGenProportion_belongToLocalSearchedIndNeighbor_exceptCurrLocalSearchedInd_AllRunsAve:
[0.0, 0.0, 0.0, 0.0, 0.08, 0.38333333333333325, 0.6083333333333332, 0.7683333333333334, 0.9099999999999999, 0.9550000000000001, 0.9933333333333334, 1.0, 1.0, 0.9983333333333333, 0.9983333333333333, 1.0, 1.0, 0.9983333333333333, 1.0, 1.0, 1.0]

listiAveDiversityMetric2EveGen:
[7.0414072022160665, 22.645727608494926, 8.117157894736842, 4.116538319482918, 2.8231745152354573, 2.3432585410895665, 2.0676463527239153, 1.5655687903970454, 1.1353296398891966, 0.9486389658356418, 0.8246417359187442, 0.8106962142197601, 0.8266731301939056, 0.8307839335180055, 0.782858725761773, 0.7395863342566946, 0.7015974145891042, 0.6541588180978762, 0.5976288088642658, 0.5103130193905817, 0.4858282548476454]

listiAveFitEvaNumByThisGen:
[20, 356, 692, 1028, 1364, 1701, 2037, 2373, 2708, 3044, 3380, 3716, 4052, 4387, 4724, 5060, 5396, 5732, 6067, 6402, 6739]
------------------------new instance-----------------------------
listiEveGenLocalSearchedIndNum_AllRunsEve:
[0.0, 9.966666666666667, 19.7, 28.933333333333334, 36.0, 41.43333333333333, 45.6, 47.833333333333336, 49.13333333333333, 49.6, 49.733333333333334, 49.766666666666666, 49.766666666666666, 49.766666666666666, 49.8, 49.8, 49.8, 49.833333333333336, 49.93333333333333, 49.93333333333333, 49.93333333333333]

listfEveGenBestIndFitness_AllRunsAve:
[0.08901373004300525, 0.10617691481416693, 0.1391634563116283, 0.16098088774524774, 0.17225664994891254, 0.17766084359861897, 0.1803182107179558, 0.18167733705236966, 0.18217128511445904, 0.18227321521508782, 0.18227321521508782, 0.18227321521508782, 0.18227321521508782, 0.18227321521508782, 0.18231300809295936, 0.18231300809295936, 0.18231300809295936, 0.18246838554895153, 0.18246838554895153, 0.18246838554895153, 0.18246838554895153]

listEveGenDiversityMetric1_AllRunsAve:
[1.0, 0.9849999999999999, 0.9150000000000001, 0.7216666666666666, 0.5950000000000001, 0.5133333333333333, 0.35000000000000003, 0.26166666666666666, 0.19499999999999995, 0.14833333333333334, 0.1366666666666667, 0.13000000000000003, 0.12500000000000006, 0.12166666666666669, 0.1166666666666667, 0.11333333333333336, 0.1066666666666667, 0.10166666666666667, 0.10166666666666667, 0.08333333333333334, 0.07500000000000001]

listfEveGenProportion_belongToLocalSearchedIndNeighbor_exceptCurrLocalSearchedInd_AllRunsAve:
[0.0, 0.0, 0.0, 0.02, 0.11999999999999997, 0.36333333333333334, 0.5666666666666667, 0.7566666666666666, 0.8633333333333334, 0.97, 0.9966666666666666, 0.9966666666666666, 1.0, 1.0, 0.995, 1.0, 1.0, 0.9933333333333334, 0.9933333333333334, 0.9983333333333333, 1.0]

listiAveDiversityMetric2EveGen:
[7.0414072022160665, 23.707718374884575, 8.72458079409049, 4.173770083102493, 3.012123730378578, 2.5964893813481074, 1.6140138504155126, 1.2141523545706367, 0.926409048938135, 0.6933342566943673, 0.6870757156048014, 0.6345512465373961, 0.6249464450600184, 0.6142465373961219, 0.5946620498614958, 0.5991089566020313, 0.5590036934441366, 0.48133887349953824, 0.40562696214219757, 0.30082548476454296, 0.27581532779316714]

listiAveFitEvaNumByThisGen:
[20, 356, 692, 1028, 1364, 1701, 2037, 2373, 2708, 3044, 3380, 3716, 4052, 4387, 4724, 5060, 5396, 5732, 6067, 6402, 6739]
------------------------new instance-----------------------------
listiEveGenLocalSearchedIndNum_AllRunsEve:
[0.0, 9.933333333333334, 19.666666666666668, 29.3, 37.06666666666667, 42.3, 45.6, 47.7, 48.93333333333333, 49.7, 50.13333333333333, 50.3, 50.46666666666667, 50.46666666666667, 50.46666666666667, 50.5, 50.5, 50.5, 50.5, 50.5, 50.5]

listfEveGenBestIndFitness_AllRunsAve:
[0.09248853889457292, 0.10986319385203545, 0.14724343540245133, 0.17191698907500155, 0.18934779097450777, 0.19724580538453415, 0.20231846985693733, 0.2040416893474421, 0.20462910008545526, 0.20486997505696278, 0.20526132608256364, 0.20542013866713207, 0.20542013866713207, 0.20542013866713207, 0.20542013866713207, 0.2054599537216154, 0.2054599537216154, 0.2054599537216154, 0.2054599537216154, 0.2054599537216154, 0.2054599537216154]

listEveGenDiversityMetric1_AllRunsAve:
[1.0, 0.97, 0.9499999999999998, 0.7433333333333334, 0.5733333333333334, 0.46333333333333326, 0.3333333333333333, 0.2783333333333333, 0.22666666666666666, 0.19166666666666668, 0.16833333333333336, 0.16166666666666665, 0.14166666666666664, 0.13166666666666665, 0.12333333333333332, 0.12333333333333332, 0.11999999999999998, 0.11499999999999999, 0.11166666666666665, 0.10333333333333332, 0.10166666666666667]

listfEveGenProportion_belongToLocalSearchedIndNeighbor_exceptCurrLocalSearchedInd_AllRunsAve:
[0.0, 0.0, 0.0, 0.020000000000000004, 0.061666666666666675, 0.3016666666666666, 0.6133333333333333, 0.7416666666666666, 0.8816666666666666, 0.9450000000000002, 0.9716666666666668, 0.9783333333333333, 0.9866666666666666, 0.9949999999999999, 0.9949999999999999, 0.9933333333333333, 0.9983333333333333, 0.9983333333333333, 0.9983333333333333, 0.9983333333333333, 0.9983333333333333]

listiAveDiversityMetric2EveGen:
[7.0414072022160665, 22.439761772853185, 8.901948291782086, 4.241125577100647, 2.9058384118190217, 2.5220470914127433, 2.2601449676823644, 1.6242280701754384, 1.071719298245614, 0.9601855955678673, 0.9030110803324101, 0.8728217913204065, 0.8533684210526314, 0.8950747922437673, 0.9431966759002771, 1.0034866112650047, 0.957843028624192, 0.9098125577100649, 0.9258928901200368, 0.8928975069252078, 0.9462446906740536]

listiAveFitEvaNumByThisGen:
[20, 356, 692, 1028, 1364, 1701, 2037, 2373, 2708, 3044, 3380, 3716, 4052, 4387, 4724, 5060, 5396, 5732, 6067, 6402, 6739]
------------------------new instance-----------------------------
listiEveGenLocalSearchedIndNum_AllRunsEve:
[0.0, 9.933333333333334, 19.666666666666668, 29.233333333333334, 36.733333333333334, 42.333333333333336, 45.46666666666667, 47.3, 48.233333333333334, 48.833333333333336, 49.166666666666664, 49.43333333333333, 49.5, 49.5, 49.53333333333333, 49.53333333333333, 49.53333333333333, 49.6, 49.666666666666664, 49.7, 49.733333333333334]

listfEveGenBestIndFitness_AllRunsAve:
[0.08046338168605822, 0.09698463965089635, 0.1313963220331956, 0.1590347653167285, 0.17670449745561403, 0.18269521339528824, 0.1854658337036908, 0.18670102750295603, 0.18846097287847013, 0.18929384967924276, 0.18985172324285088, 0.18985172324285088, 0.18985172324285088, 0.18985172324285088, 0.18997837397811537, 0.18997837397811537, 0.18997837397811537, 0.18997837397811537, 0.19010523149087877, 0.19022272199683377, 0.19022272199683377]

listEveGenDiversityMetric1_AllRunsAve:
[1.0, 0.9866666666666666, 0.9516666666666665, 0.7766666666666665, 0.6266666666666666, 0.4816666666666667, 0.39500000000000013, 0.3516666666666667, 0.2966666666666667, 0.2816666666666667, 0.2733333333333334, 0.25833333333333336, 0.24166666666666667, 0.23333333333333336, 0.2283333333333334, 0.22166666666666673, 0.21166666666666675, 0.1983333333333334, 0.19000000000000006, 0.17666666666666667, 0.17666666666666664]

listfEveGenProportion_belongToLocalSearchedIndNeighbor_exceptCurrLocalSearchedInd_AllRunsAve:
[0.0, 0.0, 0.0, 0.008333333333333333, 0.09499999999999999, 0.3183333333333333, 0.7100000000000001, 0.8099999999999998, 0.9316666666666666, 0.9466666666666667, 0.95, 0.975, 0.9916666666666667, 0.9916666666666667, 0.9883333333333332, 0.9883333333333333, 0.9899999999999999, 0.9899999999999999, 0.9899999999999999, 0.9966666666666666, 0.995]

listiAveDiversityMetric2EveGen:
[7.0414072022160665, 23.58695752539243, 8.337554939981532, 4.211729455216989, 2.9437534626038775, 2.5481929824561407, 2.4595106186518922, 2.3790313942751613, 2.265951985226223, 1.9105004616805166, 1.9108070175438592, 1.8737063711911353, 1.8187451523545706, 1.832539242843952, 1.8081431209602954, 1.7932936288088646, 1.7937617728531856, 1.679557710064635, 1.5717783933518004, 1.5318384118190207, 1.4900267774699907]

listiAveFitEvaNumByThisGen:
[20, 356, 692, 1028, 1364, 1701, 2037, 2373, 2708, 3044, 3380, 3716, 4052, 4387, 4724, 5060, 5396, 5732, 6067, 6402, 6739]
------------------------new instance-----------------------------
listiEveGenLocalSearchedIndNum_AllRunsEve:
[0.0, 9.966666666666667, 19.666666666666668, 29.4, 37.3, 43.166666666666664, 47.03333333333333, 48.833333333333336, 49.7, 50.0, 50.03333333333333, 50.06666666666667, 50.13333333333333, 50.13333333333333, 50.13333333333333, 50.13333333333333, 50.13333333333333, 50.13333333333333, 50.13333333333333, 50.13333333333333, 50.13333333333333]

listfEveGenBestIndFitness_AllRunsAve:
[0.08412624868663056, 0.10008278200803895, 0.13388747594983932, 0.15934034660966603, 0.1756418994440281, 0.18499138186508599, 0.18742195422792576, 0.1884824537455256, 0.18873641943491828, 0.18873641943491828, 0.18873641943491828, 0.18873641943491828, 0.18873641943491828, 0.18873641943491828, 0.18873641943491828, 0.18873641943491828, 0.18873641943491828, 0.18873641943491828, 0.18873641943491828, 0.18873641943491828, 0.18873641943491828]

listEveGenDiversityMetric1_AllRunsAve:
[1.0, 0.9783333333333333, 0.9416666666666667, 0.785, 0.6183333333333334, 0.5, 0.35333333333333333, 0.24166666666666664, 0.19, 0.15166666666666667, 0.14166666666666666, 0.14166666666666666, 0.1383333333333333, 0.13166666666666665, 0.12666666666666662, 0.11999999999999997, 0.11999999999999997, 0.11333333333333331, 0.11, 0.10666666666666667, 0.10666666666666667]

listfEveGenProportion_belongToLocalSearchedIndNeighbor_exceptCurrLocalSearchedInd_AllRunsAve:
[0.0, 0.0, 0.0, 0.01, 0.04666666666666667, 0.23166666666666663, 0.5516666666666666, 0.815, 0.9033333333333334, 0.9983333333333333, 0.9983333333333333, 0.995, 1.0, 1.0, 1.0, 1.0, 1.0, 1.0, 1.0, 1.0, 1.0]

listiAveDiversityMetric2EveGen:
[7.0414072022160665, 21.51082825484765, 8.978700831024932, 4.639650046168053, 2.912947368421053, 2.1119261311172672, 1.7536260387811633, 1.5512262234533705, 1.347714681440443, 1.305183748845799, 1.2892659279778396, 1.2902991689750691, 1.2211929824561403, 1.1323619575253925, 1.123865189289012, 1.1018578024007384, 1.0870692520775622, 1.0876149584487536, 1.105459833795014, 1.1130720221606647, 1.1030147737765466]

listiAveFitEvaNumByThisGen:
[20, 356, 692, 1028, 1364, 1701, 2037, 2373, 2708, 3044, 3380, 3716, 4052, 4387, 4724, 5060, 5396, 5732, 6067, 6402, 6739]
------------------------new instance-----------------------------
listiEveGenLocalSearchedIndNum_AllRunsEve:
[0.0, 9.933333333333334, 19.666666666666668, 29.266666666666666, 37.06666666666667, 42.36666666666667, 45.86666666666667, 47.63333333333333, 48.2, 48.6, 48.6, 48.6, 48.6, 48.6, 48.6, 48.63333333333333, 48.63333333333333, 48.666666666666664, 48.733333333333334, 48.8, 48.8]

listfEveGenBestIndFitness_AllRunsAve:
[0.08784228177563093, 0.10651274101581823, 0.14825982189118342, 0.18176950996286526, 0.20656411408804734, 0.2157694165324137, 0.2197441979241314, 0.2204577871500492, 0.2207376160465697, 0.2207376160465697, 0.2207376160465697, 0.2207376160465697, 0.2207376160465697, 0.2207376160465697, 0.2207376160465697, 0.2207376160465697, 0.2207376160465697, 0.22098173007626798, 0.22098173007626798, 0.22098173007626798, 0.22098173007626798]

listEveGenDiversityMetric1_AllRunsAve:
[1.0, 0.9816666666666667, 0.9449999999999998, 0.7599999999999999, 0.6166666666666666, 0.43000000000000005, 0.305, 0.2333333333333334, 0.18166666666666667, 0.16166666666666668, 0.15666666666666668, 0.14666666666666667, 0.14500000000000002, 0.14, 0.13666666666666666, 0.13333333333333333, 0.12999999999999998, 0.12833333333333333, 0.12333333333333332, 0.115, 0.10500000000000001]

listfEveGenProportion_belongToLocalSearchedIndNeighbor_exceptCurrLocalSearchedInd_AllRunsAve:
[0.0, 0.0, 0.0, 0.008333333333333333, 0.08166666666666665, 0.32999999999999996, 0.6050000000000001, 0.87, 0.9333333333333333, 0.9916666666666667, 0.9949999999999999, 0.9949999999999999, 0.9933333333333333, 0.9933333333333333, 0.9966666666666666, 0.9949999999999999, 0.9966666666666666, 0.9916666666666667, 0.9883333333333333, 0.9849999999999999, 1.0]

listiAveDiversityMetric2EveGen:
[7.0414072022160665, 22.225958448753463, 8.214722068328717, 4.495096952908587, 2.483985226223454, 1.5955743305632502, 1.1225983379501383, 0.9869870729455216, 0.807712834718375, 0.8148245614035086, 0.8355355493998152, 0.8768301015697136, 0.8865180055401659, 0.8901606648199444, 0.8619916897506924, 0.8469298245614035, 0.8646454293628809, 0.9317682363804248, 0.9459233610341646, 0.8178162511542014, 0.75471837488458]

listiAveFitEvaNumByThisGen:
[20, 356, 692, 1028, 1364, 1701, 2037, 2373, 2708, 3044, 3380, 3716, 4052, 4387, 4724, 5060, 5396, 5732, 6067, 6402, 6739]
------------------------new instance-----------------------------
listiEveGenLocalSearchedIndNum_AllRunsEve:
[0.0, 9.933333333333334, 19.766666666666666, 29.466666666666665, 37.3, 42.93333333333333, 46.666666666666664, 48.53333333333333, 49.233333333333334, 49.6, 49.666666666666664, 49.7, 49.7, 49.7, 49.7, 49.7, 49.733333333333334, 49.833333333333336, 49.96666666666667, 50.1, 50.13333333333333]

listfEveGenBestIndFitness_AllRunsAve:
[0.08712810051758652, 0.10327978445680655, 0.13980460942904668, 0.1683597249765444, 0.18279996705181797, 0.19236319082975353, 0.19556628723156144, 0.19666005452428675, 0.1969875090824805, 0.1971648868809475, 0.1971648868809475, 0.1971648868809475, 0.1971648868809475, 0.1971648868809475, 0.1971648868809475, 0.1971648868809475, 0.19730544912290515, 0.19748930164362097, 0.19771855278481212, 0.19771855278481212, 0.19771855278481212]

listEveGenDiversityMetric1_AllRunsAve:
[1.0, 0.9766666666666667, 0.9566666666666667, 0.7883333333333333, 0.6116666666666666, 0.4716666666666667, 0.33666666666666667, 0.22000000000000003, 0.16, 0.14333333333333334, 0.1333333333333333, 0.12666666666666665, 0.12166666666666666, 0.11333333333333333, 0.10666666666666666, 0.1, 0.09666666666666668, 0.09833333333333337, 0.10000000000000002, 0.0916666666666667, 0.08666666666666667]

listfEveGenProportion_belongToLocalSearchedIndNeighbor_exceptCurrLocalSearchedInd_AllRunsAve:
[0.0, 0.0, 0.0, 0.014999999999999998, 0.10666666666666666, 0.30333333333333334, 0.545, 0.8283333333333333, 0.93, 0.9766666666666667, 0.9966666666666666, 0.9983333333333333, 0.9983333333333333, 0.9983333333333333, 0.9983333333333333, 1.0, 0.995, 0.9933333333333334, 0.9900000000000001, 0.9949999999999999, 1.0]

listiAveDiversityMetric2EveGen:
[7.0414072022160665, 24.081885503231767, 9.1647811634349, 4.2325272391505075, 2.6503296398891965, 2.2374838411819016, 1.6748661126500468, 0.9657119113573406, 0.8355540166204986, 0.7846943674976914, 0.7244921514312097, 0.6664349030470915, 0.6546509695290859, 0.6051274238227147, 0.5712677746999076, 0.5030812557710065, 0.5135484764542936, 0.4952280701754386, 0.4916112650046168, 0.4174847645429362, 0.384134810710988]

listiAveFitEvaNumByThisGen:
[20, 356, 692, 1028, 1364, 1701, 2037, 2373, 2708, 3044, 3380, 3716, 4052, 4387, 4724, 5060, 5396, 5732, 6067, 6402, 6739]
------------------------new instance-----------------------------
listiEveGenLocalSearchedIndNum_AllRunsEve:
[0.0, 9.933333333333334, 19.6, 29.133333333333333, 37.06666666666667, 43.03333333333333, 46.53333333333333, 48.36666666666667, 49.166666666666664, 49.5, 49.56666666666667, 49.7, 49.7, 49.7, 49.733333333333334, 49.86666666666667, 49.96666666666667, 50.03333333333333, 50.06666666666667, 50.06666666666667, 50.06666666666667]

listfEveGenBestIndFitness_AllRunsAve:
[0.09010666909100631, 0.10911703378209857, 0.15112708951618284, 0.19147158014388488, 0.21904836937485322, 0.2392653219259352, 0.24889507790520968, 0.2515046364815992, 0.2543731989828591, 0.2543731989828591, 0.25491626398072753, 0.25491626398072753, 0.25491626398072753, 0.25491626398072753, 0.2555915262571381, 0.25616023679993677, 0.2566084471191089, 0.2566084471191089, 0.2566084471191089, 0.2566084471191089, 0.2566084471191089]

listEveGenDiversityMetric1_AllRunsAve:
[1.0, 0.9716666666666668, 0.9283333333333332, 0.7766666666666667, 0.6183333333333335, 0.505, 0.36, 0.29833333333333345, 0.23166666666666674, 0.20166666666666672, 0.2000000000000001, 0.19666666666666677, 0.19333333333333338, 0.1816666666666667, 0.175, 0.17333333333333334, 0.16166666666666665, 0.1566666666666667, 0.14333333333333337, 0.1366666666666667, 0.12500000000000003]

listfEveGenProportion_belongToLocalSearchedIndNeighbor_exceptCurrLocalSearchedInd_AllRunsAve:
[0.0, 0.0, 0.0, 0.011666666666666665, 0.04833333333333334, 0.26999999999999996, 0.6533333333333334, 0.8216666666666667, 0.9416666666666667, 0.995, 0.9916666666666667, 0.995, 0.9949999999999999, 0.9983333333333333, 0.9916666666666667, 0.9783333333333334, 0.995, 0.9966666666666666, 1.0, 1.0, 1.0]

listiAveDiversityMetric2EveGen:
[7.0414072022160665, 26.87252631578948, 11.491282548476454, 4.5930572483841186, 2.544394275161588, 1.9253157894736843, 1.5252843951985227, 1.317134810710988, 1.216824561403509, 1.2087848568790398, 1.241410895660203, 1.2875937211449675, 1.401473684210526, 1.3632696214219755, 1.340502308402585, 1.3542437673130192, 1.3861034164358261, 1.305673130193906, 1.204275161588181, 1.1550018467220684, 1.0905152354570637]

listiAveFitEvaNumByThisGen:
[20, 356, 692, 1028, 1364, 1701, 2037, 2373, 2708, 3044, 3380, 3716, 4052, 4387, 4724, 5060, 5396, 5732, 6067, 6402, 6739]
------------------------new instance-----------------------------
