listiEveGenLocalSearchedIndNum_AllRunsEve:
[0.0, 9.066666666666666, 11.833333333333334, 12.133333333333333, 12.333333333333334, 12.5, 12.7, 12.766666666666667, 12.766666666666667, 12.766666666666667, 12.866666666666667, 12.866666666666667, 12.866666666666667, 12.866666666666667, 12.9, 12.9, 12.933333333333334, 12.933333333333334, 12.933333333333334, 12.933333333333334, 12.933333333333334]

listfEveGenBestIndFitness_AllRunsAve:
[0.3054429845397025, 0.39317763716360843, 0.40071631837132404, 0.4014298390570693, 0.40224365032737736, 0.40370412189372223, 0.4051311632652128, 0.4058446839509581, 0.4058446839509581, 0.4058446839509581, 0.4059115443406666, 0.4059115443406666, 0.4059115443406666, 0.4059115443406666, 0.4059449745355209, 0.4059449745355209, 0.4059784047303752, 0.4059784047303752, 0.4059784047303752, 0.4059784047303752, 0.4059784047303752]

listEveGenDiversityMetric1_AllRunsAve:
[0.9916666666666667, 0.6566666666666666, 0.17499999999999996, 0.11666666666666668, 0.11666666666666665, 0.11499999999999998, 0.11, 0.11, 0.10166666666666667, 0.095, 0.09166666666666666, 0.08, 0.07333333333333333, 0.06666666666666668, 0.06500000000000003, 0.05833333333333336, 0.06000000000000003, 0.05833333333333336, 0.05666666666666669, 0.05500000000000003, 0.053333333333333365]

listfEveGenProportion_belongToLocalSearchedIndNeighbor_exceptCurrLocalSearchedInd_AllRunsAve:
[0.0, 0.0, 0.7383333333333334, 0.8983333333333333, 0.9883333333333333, 0.9916666666666666, 0.9899999999999999, 0.9966666666666666, 1.0, 1.0, 0.9949999999999999, 1.0, 1.0, 1.0, 0.9983333333333333, 1.0, 0.9983333333333333, 1.0, 1.0, 1.0, 1.0]

listiAveDiversityMetric2EveGen:
[2.499062788550323, 1.6133554939981531, 0.9933684210526315, 0.7450009233610341, 0.6977765466297322, 0.6414626038781163, 0.6388919667590027, 0.691017543859649, 0.642470914127424, 0.6371671283471837, 0.5106814404432133, 0.4125798707294551, 0.33644690674053557, 0.23133518005540168, 0.20883102493074795, 0.1341828254847645, 0.15853739612188367, 0.14299168975069254, 0.11888088642659284, 0.07998891966759002, 0.06305817174515237]

listiAveFitEvaNumByThisGen:
[20, 156, 294, 430, 566, 701, 837, 973, 1109, 1245, 1382, 1517, 1653, 1790, 1926, 2063, 2200, 2335, 2472, 2608, 2744]
------------------------new instance-----------------------------
listiEveGenLocalSearchedIndNum_AllRunsEve:
[0.0, 9.0, 12.7, 13.4, 13.433333333333334, 13.433333333333334, 13.433333333333334, 13.433333333333334, 13.433333333333334, 13.433333333333334, 13.433333333333334, 13.433333333333334, 13.433333333333334, 13.433333333333334, 13.433333333333334, 13.433333333333334, 13.433333333333334, 13.433333333333334, 13.433333333333334, 13.433333333333334, 13.433333333333334]

listfEveGenBestIndFitness_AllRunsAve:
[0.26930954468489043, 0.33625426118122126, 0.34753688487014667, 0.3479438040170273, 0.3479438040170273, 0.3479438040170273, 0.3479438040170273, 0.3479438040170273, 0.3479438040170273, 0.3479438040170273, 0.3479438040170273, 0.3479438040170273, 0.3479438040170273, 0.3479438040170273, 0.3479438040170273, 0.3479438040170273, 0.3479438040170273, 0.3479438040170273, 0.3479438040170273, 0.3479438040170273, 0.3479438040170273]

listEveGenDiversityMetric1_AllRunsAve:
[0.9916666666666667, 0.6483333333333333, 0.15333333333333335, 0.10000000000000005, 0.08833333333333337, 0.05166666666666669, 0.050000000000000024, 0.050000000000000024, 0.050000000000000024, 0.050000000000000024, 0.050000000000000024, 0.050000000000000024, 0.050000000000000024, 0.050000000000000024, 0.050000000000000024, 0.050000000000000024, 0.050000000000000024, 0.050000000000000024, 0.050000000000000024, 0.050000000000000024, 0.050000000000000024]

listfEveGenProportion_belongToLocalSearchedIndNeighbor_exceptCurrLocalSearchedInd_AllRunsAve:
[0.0, 0.0, 0.4883333333333334, 0.9666666666666667, 1.0, 1.0, 1.0, 1.0, 1.0, 1.0, 1.0, 1.0, 1.0, 1.0, 1.0, 1.0, 1.0, 1.0, 1.0, 1.0, 1.0]

listiAveDiversityMetric2EveGen:
[2.499062788550323, 1.8109178208679593, 0.453870729455217, 0.2372234533702677, 0.16629639889196676, 0.005119113573407202, 0.0, 0.0, 0.0, 0.0, 0.0, 0.0, 0.0, 0.0, 0.0, 0.0, 0.0, 0.0, 0.0, 0.0, 0.0]

listiAveFitEvaNumByThisGen:
[20, 156, 294, 430, 566, 701, 837, 973, 1109, 1245, 1382, 1517, 1653, 1790, 1926, 2063, 2200, 2335, 2472, 2608, 2744]
------------------------new instance-----------------------------
listiEveGenLocalSearchedIndNum_AllRunsEve:
[0.0, 8.933333333333334, 14.033333333333333, 15.2, 15.366666666666667, 15.366666666666667, 15.4, 15.4, 15.433333333333334, 15.433333333333334, 15.433333333333334, 15.433333333333334, 15.433333333333334, 15.433333333333334, 15.433333333333334, 15.433333333333334, 15.433333333333334, 15.433333333333334, 15.433333333333334, 15.433333333333334, 15.433333333333334]

listfEveGenBestIndFitness_AllRunsAve:
[0.313181345107203, 0.3701718659121681, 0.3802783997335431, 0.38065789416588375, 0.38103738859822417, 0.38103738859822417, 0.38103738859822417, 0.38103738859822417, 0.38119195064112316, 0.38119195064112316, 0.38119195064112316, 0.38119195064112316, 0.38119195064112316, 0.38119195064112316, 0.38119195064112316, 0.38119195064112316, 0.38119195064112316, 0.38119195064112316, 0.38119195064112316, 0.38119195064112316, 0.38119195064112316]

listEveGenDiversityMetric1_AllRunsAve:
[0.9916666666666667, 0.6416666666666665, 0.37499999999999994, 0.28500000000000003, 0.2083333333333334, 0.16000000000000003, 0.12499999999999999, 0.105, 0.09500000000000001, 0.07833333333333334, 0.07333333333333335, 0.06500000000000003, 0.061666666666666696, 0.05833333333333336, 0.05500000000000003, 0.05333333333333336, 0.050000000000000024, 0.050000000000000024, 0.050000000000000024, 0.050000000000000024, 0.050000000000000024]

listfEveGenProportion_belongToLocalSearchedIndNeighbor_exceptCurrLocalSearchedInd_AllRunsAve:
[0.0, 0.0, 0.4966666666666667, 0.9649999999999999, 0.975, 0.9983333333333333, 0.9983333333333333, 1.0, 0.9983333333333333, 1.0, 1.0, 1.0, 1.0, 1.0, 1.0, 1.0, 1.0, 1.0, 1.0, 1.0, 1.0]

listiAveDiversityMetric2EveGen:
[2.499062788550323, 1.9461726685133889, 1.9611929824561405, 1.9565567867036011, 1.7093684210526316, 1.6274459833795016, 1.2259981532779318, 0.8907626962142199, 0.767265004616805, 0.5263564173591874, 0.4264635272391505, 0.29659464450600187, 0.2324025854108957, 0.16715789473684206, 0.09987811634349032, 0.06474238227146814, 0.0, 0.0, 0.0, 0.0, 0.0]

listiAveFitEvaNumByThisGen:
[20, 156, 294, 430, 566, 701, 837, 973, 1109, 1245, 1382, 1517, 1653, 1790, 1926, 2063, 2200, 2335, 2472, 2608, 2744]
------------------------new instance-----------------------------
listiEveGenLocalSearchedIndNum_AllRunsEve:
[0.0, 8.766666666666667, 11.466666666666667, 11.5, 11.5, 11.5, 11.5, 11.5, 11.5, 11.5, 11.5, 11.5, 11.5, 11.5, 11.5, 11.5, 11.5, 11.5, 11.5, 11.5, 11.5]

listfEveGenBestIndFitness_AllRunsAve:
[0.29230904106023153, 0.40858563745739784, 0.43030782362848324, 0.43030782362848324, 0.43030782362848324, 0.43030782362848324, 0.43030782362848324, 0.43030782362848324, 0.43030782362848324, 0.43030782362848324, 0.43030782362848324, 0.43030782362848324, 0.43030782362848324, 0.43030782362848324, 0.43030782362848324, 0.43030782362848324, 0.43030782362848324, 0.43030782362848324, 0.43030782362848324, 0.43030782362848324, 0.43030782362848324]

listEveGenDiversityMetric1_AllRunsAve:
[0.9916666666666667, 0.5816666666666666, 0.09833333333333336, 0.050000000000000024, 0.050000000000000024, 0.050000000000000024, 0.050000000000000024, 0.050000000000000024, 0.050000000000000024, 0.050000000000000024, 0.050000000000000024, 0.050000000000000024, 0.050000000000000024, 0.050000000000000024, 0.050000000000000024, 0.050000000000000024, 0.050000000000000024, 0.050000000000000024, 0.050000000000000024, 0.050000000000000024, 0.050000000000000024]

listfEveGenProportion_belongToLocalSearchedIndNeighbor_exceptCurrLocalSearchedInd_AllRunsAve:
[0.0, 0.0, 0.5833333333333334, 1.0, 1.0, 1.0, 1.0, 1.0, 1.0, 1.0, 1.0, 1.0, 1.0, 1.0, 1.0, 1.0, 1.0, 1.0, 1.0, 1.0, 1.0]

listiAveDiversityMetric2EveGen:
[2.499062788550323, 1.4850821791320405, 0.2953638042474608, 0.0, 0.0, 0.0, 0.0, 0.0, 0.0, 0.0, 0.0, 0.0, 0.0, 0.0, 0.0, 0.0, 0.0, 0.0, 0.0, 0.0, 0.0]

listiAveFitEvaNumByThisGen:
[20, 156, 294, 430, 566, 701, 837, 973, 1109, 1245, 1382, 1517, 1653, 1790, 1926, 2063, 2200, 2335, 2472, 2608, 2744]
------------------------new instance-----------------------------
listiEveGenLocalSearchedIndNum_AllRunsEve:
[0.0, 8.933333333333334, 11.8, 11.8, 11.8, 11.8, 11.8, 11.8, 11.8, 11.8, 11.8, 11.8, 11.8, 11.8, 11.8, 11.8, 11.8, 11.8, 11.8, 11.8, 11.8]

listfEveGenBestIndFitness_AllRunsAve:
[0.2623895374279054, 0.3384795674155683, 0.3427158023656089, 0.3427158023656089, 0.3427158023656089, 0.3427158023656089, 0.3427158023656089, 0.3427158023656089, 0.3427158023656089, 0.3427158023656089, 0.3427158023656089, 0.3427158023656089, 0.3427158023656089, 0.3427158023656089, 0.3427158023656089, 0.3427158023656089, 0.3427158023656089, 0.3427158023656089, 0.3427158023656089, 0.3427158023656089, 0.3427158023656089]

listEveGenDiversityMetric1_AllRunsAve:
[0.9916666666666667, 0.6066666666666668, 0.09, 0.050000000000000024, 0.050000000000000024, 0.050000000000000024, 0.050000000000000024, 0.050000000000000024, 0.050000000000000024, 0.050000000000000024, 0.050000000000000024, 0.050000000000000024, 0.050000000000000024, 0.050000000000000024, 0.050000000000000024, 0.050000000000000024, 0.050000000000000024, 0.050000000000000024, 0.050000000000000024, 0.050000000000000024, 0.050000000000000024]

listfEveGenProportion_belongToLocalSearchedIndNeighbor_exceptCurrLocalSearchedInd_AllRunsAve:
[0.0, 0.0, 0.51, 1.0, 1.0, 1.0, 1.0, 1.0, 1.0, 1.0, 1.0, 1.0, 1.0, 1.0, 1.0, 1.0, 1.0, 1.0, 1.0, 1.0, 1.0]

listiAveDiversityMetric2EveGen:
[2.499062788550323, 1.5221006463527245, 0.34723268698060933, 0.0, 0.0, 0.0, 0.0, 0.0, 0.0, 0.0, 0.0, 0.0, 0.0, 0.0, 0.0, 0.0, 0.0, 0.0, 0.0, 0.0, 0.0]

listiAveFitEvaNumByThisGen:
[20, 156, 294, 430, 566, 701, 837, 973, 1109, 1245, 1382, 1517, 1653, 1790, 1926, 2063, 2200, 2335, 2472, 2608, 2744]
------------------------new instance-----------------------------
listiEveGenLocalSearchedIndNum_AllRunsEve:
[0.0, 8.933333333333334, 13.9, 15.0, 15.1, 15.1, 15.1, 15.1, 15.133333333333333, 15.133333333333333, 15.133333333333333, 15.133333333333333, 15.133333333333333, 15.133333333333333, 15.133333333333333, 15.133333333333333, 15.133333333333333, 15.133333333333333, 15.133333333333333, 15.133333333333333, 15.133333333333333]

listfEveGenBestIndFitness_AllRunsAve:
[0.2790642806462931, 0.30952464132678675, 0.3157837354183172, 0.3168962646035431, 0.3172131355754704, 0.3172131355754704, 0.3172131355754704, 0.3172131355754704, 0.31753000654739766, 0.31753000654739766, 0.31753000654739766, 0.31753000654739766, 0.31753000654739766, 0.31753000654739766, 0.31753000654739766, 0.31753000654739766, 0.31753000654739766, 0.31753000654739766, 0.31753000654739766, 0.31753000654739766, 0.31753000654739766]

listEveGenDiversityMetric1_AllRunsAve:
[0.9916666666666667, 0.7316666666666666, 0.3016666666666667, 0.14833333333333334, 0.10500000000000002, 0.08333333333333334, 0.06833333333333336, 0.061666666666666696, 0.05833333333333336, 0.05666666666666669, 0.05333333333333336, 0.05166666666666669, 0.05166666666666669, 0.05166666666666669, 0.05166666666666669, 0.05166666666666669, 0.05166666666666669, 0.05166666666666669, 0.050000000000000024, 0.050000000000000024, 0.050000000000000024]

listfEveGenProportion_belongToLocalSearchedIndNeighbor_exceptCurrLocalSearchedInd_AllRunsAve:
[0.0, 0.0, 0.5516666666666669, 0.92, 0.9983333333333333, 1.0, 1.0, 1.0, 0.9983333333333333, 1.0, 1.0, 1.0, 1.0, 1.0, 1.0, 1.0, 1.0, 1.0, 1.0, 1.0, 1.0]

listiAveDiversityMetric2EveGen:
[2.499062788550323, 2.310705447830102, 1.2146426592797785, 0.6608661126500462, 0.745057248384118, 0.5462825484764543, 0.31573407202216064, 0.1992797783933518, 0.141595567867036, 0.08913019390581717, 0.04178393351800554, 0.011999999999999995, 0.011999999999999995, 0.02047645429362881, 0.029783933518005533, 0.03288642659279777, 0.033274238227146834, 0.033274238227146834, 0.0, 0.0, 0.0]

listiAveFitEvaNumByThisGen:
[20, 156, 294, 430, 566, 701, 837, 973, 1109, 1245, 1382, 1517, 1653, 1790, 1926, 2063, 2200, 2335, 2472, 2608, 2744]
------------------------new instance-----------------------------
listiEveGenLocalSearchedIndNum_AllRunsEve:
[0.0, 8.833333333333334, 11.966666666666667, 12.0, 12.0, 12.0, 12.0, 12.0, 12.0, 12.0, 12.0, 12.0, 12.0, 12.0, 12.0, 12.0, 12.0, 12.0, 12.0, 12.0, 12.0]

listfEveGenBestIndFitness_AllRunsAve:
[0.22474943839875167, 0.2959183689483909, 0.3007537777632273, 0.3007537777632273, 0.3007537777632273, 0.3007537777632273, 0.3007537777632273, 0.3007537777632273, 0.3007537777632273, 0.3007537777632273, 0.3007537777632273, 0.3007537777632273, 0.3007537777632273, 0.3007537777632273, 0.3007537777632273, 0.3007537777632273, 0.3007537777632273, 0.3007537777632273, 0.3007537777632273, 0.3007537777632273, 0.3007537777632273]

listEveGenDiversityMetric1_AllRunsAve:
[0.9916666666666667, 0.6216666666666666, 0.14333333333333328, 0.050000000000000024, 0.050000000000000024, 0.050000000000000024, 0.050000000000000024, 0.050000000000000024, 0.050000000000000024, 0.050000000000000024, 0.050000000000000024, 0.050000000000000024, 0.050000000000000024, 0.050000000000000024, 0.050000000000000024, 0.050000000000000024, 0.050000000000000024, 0.050000000000000024, 0.050000000000000024, 0.050000000000000024, 0.050000000000000024]

listfEveGenProportion_belongToLocalSearchedIndNeighbor_exceptCurrLocalSearchedInd_AllRunsAve:
[0.0, 0.0, 0.5499999999999999, 0.9666666666666667, 1.0, 1.0, 1.0, 1.0, 1.0, 1.0, 1.0, 1.0, 1.0, 1.0, 1.0, 1.0, 1.0, 1.0, 1.0, 1.0, 1.0]

listiAveDiversityMetric2EveGen:
[2.499062788550323, 1.5838356417359187, 0.6871329639889197, 0.0, 0.0, 0.0, 0.0, 0.0, 0.0, 0.0, 0.0, 0.0, 0.0, 0.0, 0.0, 0.0, 0.0, 0.0, 0.0, 0.0, 0.0]

listiAveFitEvaNumByThisGen:
[20, 156, 294, 430, 566, 701, 837, 973, 1109, 1245, 1382, 1517, 1653, 1790, 1926, 2063, 2200, 2335, 2472, 2608, 2744]
------------------------new instance-----------------------------
listiEveGenLocalSearchedIndNum_AllRunsEve:
[0.0, 8.933333333333334, 13.066666666666666, 13.833333333333334, 13.866666666666667, 13.866666666666667, 13.866666666666667, 13.866666666666667, 13.866666666666667, 13.866666666666667, 13.866666666666667, 13.866666666666667, 13.866666666666667, 13.866666666666667, 13.866666666666667, 13.866666666666667, 13.866666666666667, 13.866666666666667, 13.866666666666667, 13.866666666666667, 13.866666666666667]

listfEveGenBestIndFitness_AllRunsAve:
[0.240473741828582, 0.30426880123679434, 0.31457773116952953, 0.31565887171879936, 0.31586899676621977, 0.31586899676621977, 0.31586899676621977, 0.31586899676621977, 0.31586899676621977, 0.31586899676621977, 0.31586899676621977, 0.31586899676621977, 0.31586899676621977, 0.31586899676621977, 0.31586899676621977, 0.31586899676621977, 0.31586899676621977, 0.31586899676621977, 0.31586899676621977, 0.31586899676621977, 0.31586899676621977]

listEveGenDiversityMetric1_AllRunsAve:
[0.9916666666666667, 0.6633333333333334, 0.2483333333333334, 0.14833333333333334, 0.12166666666666666, 0.07500000000000001, 0.06166666666666669, 0.058333333333333355, 0.05666666666666669, 0.05500000000000003, 0.05333333333333336, 0.05166666666666669, 0.05166666666666669, 0.050000000000000024, 0.050000000000000024, 0.050000000000000024, 0.050000000000000024, 0.050000000000000024, 0.050000000000000024, 0.050000000000000024, 0.050000000000000024]

listfEveGenProportion_belongToLocalSearchedIndNeighbor_exceptCurrLocalSearchedInd_AllRunsAve:
[0.0, 0.0, 0.5333333333333333, 0.9483333333333334, 0.9933333333333334, 0.9983333333333333, 1.0, 1.0, 1.0, 1.0, 1.0, 1.0, 1.0, 1.0, 1.0, 1.0, 1.0, 1.0, 1.0, 1.0, 1.0]

listiAveDiversityMetric2EveGen:
[2.499062788550323, 1.7709242843951987, 1.2359575253924284, 0.9376980609418283, 0.7456325023084026, 0.3488208679593721, 0.18681440443213299, 0.14304709141274238, 0.12534072022160664, 0.0781606648199446, 0.06616066481994459, 0.03327423822714682, 0.03185595567867036, 0.0, 0.0, 0.0, 0.0, 0.0, 0.0, 0.0, 0.0]

listiAveFitEvaNumByThisGen:
[20, 156, 294, 430, 566, 701, 837, 973, 1109, 1245, 1382, 1517, 1653, 1790, 1926, 2063, 2200, 2335, 2472, 2608, 2744]
------------------------new instance-----------------------------
