listiEveGenLocalSearchedIndNum_AllRunsEve:
[0.0, 10.0, 20.0, 30.0, 40.0, 50.0, 60.0, 70.0, 80.0, 90.0, 100.0, 110.0, 120.0, 130.0, 140.0, 150.0, 160.0, 170.0, 180.0, 190.0, 200.0]

listfEveGenBestIndFitness_AllRunsAve:
[0.050698474273435226, 0.056768553175088304, 0.06786574990267762, 0.07824532862256271, 0.08931840202635181, 0.10078014950969733, 0.11127918099961236, 0.12020368416459631, 0.12688619465399611, 0.13130395514936535, 0.13473519636686623, 0.13771562517317826, 0.1395512974393373, 0.14075693507059767, 0.1415511620452971, 0.1417253498677396, 0.14240970707726486, 0.1425015942099107, 0.1428213279055166, 0.14309109673738624, 0.14319156502553732]

listEveGenDiversityMetric1_AllRunsAve:
[1.0, 1.0, 0.9583333333333334, 0.7683333333333333, 0.7183333333333334, 0.6466666666666667, 0.5983333333333334, 0.5966666666666668, 0.6033333333333334, 0.6050000000000001, 0.6116666666666667, 0.6383333333333334, 0.5911111111111111, 0.6072222222222222, 0.5705555555555557, 0.6711111111111111, 0.6847222222222222, 0.6868686868686867, 0.5990593434343435, 0.6155163239538239, 0.5881371059496061]

listfEveGenProportion_belongToLocalSearchedIndNeighbor_exceptCurrLocalSearchedInd_AllRunsAve:
[0.0, 0.0, 0.0, 0.0, 0.0, 0.0016666666666666668, 0.005, 0.02, 0.065, 0.19666666666666666, 0.295, 0.40499999999999997, 0.5327777777777778, 0.5872222222222222, 0.6708333333333332, 0.6105555555555554, 0.5941161616161617, 0.6104797979797979, 0.7305366161616161, 0.7408797799422798, 0.8085502691752691]

listiAveDiversityMetric2EveGen:
[12.357892890120036, 50.86312557710063, 26.4466325023084, 11.279652816251154, 7.747087719298248, 5.219859649122808, 4.949578947368423, 4.03176731301939, 3.4881809787626974, 2.9910452446906737, 2.950531855955678, 2.747674976915974, 2.8417285709931503, 2.7387810142451787, 2.8729025225682405, 3.4886779772796626, 3.786802666962809, 3.73653624249406, 3.513337991963218, 3.7609139833341048, 3.8451740378783468]

listiAveFitEvaNumByThisGen:
[20, 540, 1060, 1580, 2100, 2620, 3140, 3660, 4180, 4700, 5220, 5740, 6260, 6783, 7316, 7860, 8430, 9033, 9656, 10306, 11000]
------------------------new instance-----------------------------
listiEveGenLocalSearchedIndNum_AllRunsEve:
[0.0, 10.0, 20.0, 30.0, 40.0, 50.0, 60.0, 70.0, 80.0, 90.0, 100.0, 110.0, 120.0, 130.0, 140.0, 150.0, 160.0, 170.0, 180.0, 190.0, 200.0]

listfEveGenBestIndFitness_AllRunsAve:
[0.05106066678122289, 0.05617617895308372, 0.06659889968274632, 0.07707714795832792, 0.0884638975953629, 0.09861681261202908, 0.10906739178470996, 0.1189136760084145, 0.12656111333020525, 0.13135421178869988, 0.1347197652965592, 0.13680303984096795, 0.13793893339710803, 0.13874565341905634, 0.13906778930389072, 0.13938198346060957, 0.13951871587866072, 0.140038297096155, 0.140159321287646, 0.14029646302623766, 0.1403033077773717]

listEveGenDiversityMetric1_AllRunsAve:
[1.0, 0.9966666666666666, 0.9683333333333334, 0.8616666666666665, 0.7550000000000001, 0.6250000000000001, 0.6116666666666667, 0.5900000000000001, 0.5716666666666667, 0.5366666666666667, 0.5233333333333333, 0.5758333333333334, 0.5325, 0.49749999999999994, 0.6044444444444443, 0.5908333333333334, 0.5926515151515152, 0.5642424242424242, 0.5337026515151515, 0.5627200577200576, 0.5177560286935287]

listfEveGenProportion_belongToLocalSearchedIndNeighbor_exceptCurrLocalSearchedInd_AllRunsAve:
[0.0, 0.0, 0.0, 0.0, 0.0, 0.0, 0.006666666666666667, 0.006666666666666667, 0.05500000000000001, 0.14833333333333332, 0.3316666666666666, 0.426111111111111, 0.5194444444444445, 0.681388888888889, 0.5616666666666669, 0.6327777777777779, 0.655429292929293, 0.687348484848485, 0.7458333333333336, 0.7300252525252524, 0.8166506410256412]

listiAveDiversityMetric2EveGen:
[12.357892890120036, 69.64126592797784, 36.66643951985226, 13.758216989843026, 8.698426592797784, 7.101421052631578, 5.969977839335178, 3.7189630655586323, 2.740498614958449, 2.4129935364727615, 2.268681440443213, 2.159199735556598, 2.2049675697248285, 2.226727280231884, 2.612653055021006, 2.429208892524474, 2.5688794013535188, 3.2353800971250095, 2.887083813171974, 2.9650105263084687, 2.855997252700182]

listiAveFitEvaNumByThisGen:
[20, 540, 1060, 1580, 2100, 2620, 3140, 3660, 4180, 4700, 5220, 5740, 6263, 6790, 7316, 7873, 8446, 9046, 9670, 10326, 11026]
------------------------new instance-----------------------------
listiEveGenLocalSearchedIndNum_AllRunsEve:
[0.0, 10.0, 20.0, 30.0, 40.0, 50.0, 60.0, 70.0, 80.0, 90.0, 100.0, 110.0, 120.0, 130.0, 140.0, 150.0, 160.0, 170.0, 180.0, 190.0, 200.0]

listfEveGenBestIndFitness_AllRunsAve:
[0.05160695598125311, 0.05814938259953062, 0.06904667876363638, 0.081050205607361, 0.09322384856005685, 0.10445769645813933, 0.11464069286237052, 0.12415249618089513, 0.13187847507824915, 0.13731954091090853, 0.1403716732768384, 0.1426107881495344, 0.14370525918830632, 0.1445976411178112, 0.14494216623931272, 0.1453990429645322, 0.145925905209423, 0.1461378216721818, 0.14644340696201205, 0.1467427929968723, 0.1469819996838292]

listEveGenDiversityMetric1_AllRunsAve:
[1.0, 0.9966666666666666, 0.9533333333333333, 0.8416666666666666, 0.7533333333333334, 0.6683333333333332, 0.5950000000000001, 0.5616666666666668, 0.5766666666666668, 0.5766666666666667, 0.5750000000000001, 0.5383333333333334, 0.5788888888888889, 0.5655555555555555, 0.6847222222222223, 0.6355555555555554, 0.637449494949495, 0.6071464646464647, 0.5873263888888889, 0.5533301767676768, 0.5375559163059163]

listfEveGenProportion_belongToLocalSearchedIndNeighbor_exceptCurrLocalSearchedInd_AllRunsAve:
[0.0, 0.0, 0.0, 0.0, 0.0, 0.0, 0.0, 0.026666666666666665, 0.06333333333333334, 0.16999999999999998, 0.2833333333333333, 0.4716666666666667, 0.5811111111111111, 0.6502777777777777, 0.5247222222222222, 0.6455555555555555, 0.6444949494949495, 0.6882323232323233, 0.7265909090909092, 0.7832323232323232, 0.836156655844156]

listiAveDiversityMetric2EveGen:
[12.357892890120036, 54.98227885503231, 25.122468144044323, 14.75851246537396, 8.289876269621422, 7.059125577100647, 5.371519852262234, 3.5627488457987075, 3.08780701754386, 2.5998439519852266, 2.686112650046168, 2.605151431209603, 2.7703164674447986, 2.9201561527314013, 3.724440704933324, 3.6305283988561476, 3.8192007134998174, 3.6757024060370487, 3.481124699268447, 3.386594235192242, 3.405653512599508]

listiAveFitEvaNumByThisGen:
[20, 540, 1060, 1580, 2100, 2620, 3140, 3660, 4180, 4700, 5220, 5740, 6260, 6790, 7330, 7906, 8496, 9116, 9753, 10426, 11130]
------------------------new instance-----------------------------
listiEveGenLocalSearchedIndNum_AllRunsEve:
[0.0, 10.0, 20.0, 30.0, 40.0, 50.0, 60.0, 70.0, 80.0, 90.0, 100.0, 110.0, 120.0, 130.0, 140.0, 150.0, 160.0, 170.0, 180.0, 190.0, 200.0]

listfEveGenBestIndFitness_AllRunsAve:
[0.047400554288324334, 0.05318918607376403, 0.0638345657790558, 0.07406840691825835, 0.08585987056486992, 0.09587960979676402, 0.10465618521548456, 0.11249937138801122, 0.1192872688640652, 0.1253713252792467, 0.13039125903474394, 0.1335712765040071, 0.13653400580403252, 0.1381135041763167, 0.1390327833337711, 0.1395188021986312, 0.13988061862153528, 0.14017670736472912, 0.14017670736472912, 0.14023824187548325, 0.14023824187548325]

listEveGenDiversityMetric1_AllRunsAve:
[1.0, 0.9966666666666666, 0.975, 0.8316666666666668, 0.7850000000000001, 0.6383333333333333, 0.5616666666666666, 0.5533333333333332, 0.565, 0.5783333333333331, 0.5716666666666668, 0.5583333333333333, 0.5163888888888889, 0.49083333333333345, 0.47750000000000004, 0.5830303030303029, 0.6235353535353537, 0.6099368686868686, 0.5924179292929294, 0.5485869685869685, 0.5485727701957541]

listfEveGenProportion_belongToLocalSearchedIndNeighbor_exceptCurrLocalSearchedInd_AllRunsAve:
[0.0, 0.0, 0.0, 0.0, 0.0, 0.0033333333333333335, 0.005, 0.016666666666666666, 0.065, 0.14166666666666666, 0.2283333333333333, 0.3883333333333333, 0.4916666666666668, 0.5908333333333332, 0.678611111111111, 0.6197474747474747, 0.6196212121212121, 0.6741351010101009, 0.7466635101010102, 0.8252725052725053, 0.8489459028874352]

listiAveDiversityMetric2EveGen:
[12.357892890120036, 57.14338227146815, 23.935693444136653, 15.629240997229916, 8.650366574330565, 5.138087719298245, 2.9344367497691595, 2.7212373037857795, 2.5728439519852264, 2.5380147737765473, 2.4252511542012924, 2.098384118190212, 2.0847290990844582, 1.6376445223391982, 1.877483475317598, 2.245857656070691, 1.9765474249105164, 2.2443778164459474, 2.089479430131769, 2.138928952298508, 2.2624639963338296]

listiAveFitEvaNumByThisGen:
[20, 540, 1060, 1580, 2100, 2620, 3140, 3660, 4180, 4700, 5220, 5740, 6260, 6783, 7310, 7846, 8413, 9006, 9623, 10276, 10963]
------------------------new instance-----------------------------
listiEveGenLocalSearchedIndNum_AllRunsEve:
[0.0, 10.0, 20.0, 30.0, 40.0, 50.0, 60.0, 70.0, 80.0, 90.0, 100.0, 110.0, 120.0, 130.0, 140.0, 150.0, 160.0, 170.0, 180.0, 190.0, 200.0]

listfEveGenBestIndFitness_AllRunsAve:
[0.04747143085018731, 0.05318265916810024, 0.06281095055736534, 0.07325555994719604, 0.08357396692414229, 0.09275189980218253, 0.10372918393916249, 0.11366006430481199, 0.12200070567430195, 0.12867188176935712, 0.13455042650162957, 0.13798227806823454, 0.14182554781144513, 0.14307890702973705, 0.14429707223017305, 0.14477515296512503, 0.1448360856981392, 0.14492077210974025, 0.14493170909940564, 0.14503713906193483, 0.14503713906193483]

listEveGenDiversityMetric1_AllRunsAve:
[1.0, 1.0, 0.9466666666666667, 0.8566666666666666, 0.75, 0.5666666666666668, 0.5766666666666668, 0.5616666666666666, 0.55, 0.5583333333333333, 0.5916666666666667, 0.5666666666666665, 0.5894444444444444, 0.5758333333333333, 0.5152777777777778, 0.5291666666666668, 0.6549747474747475, 0.6320202020202021, 0.616066919191919, 0.6109866522366524, 0.5824152236652236]

listfEveGenProportion_belongToLocalSearchedIndNeighbor_exceptCurrLocalSearchedInd_AllRunsAve:
[0.0, 0.0, 0.0, 0.0, 0.0, 0.0, 0.0, 0.020000000000000004, 0.058333333333333334, 0.08833333333333333, 0.175, 0.33499999999999996, 0.42277777777777786, 0.4799999999999999, 0.668611111111111, 0.7044444444444445, 0.5970454545454545, 0.6747222222222221, 0.719068813131313, 0.741700487012987, 0.8080765415140416]

listiAveDiversityMetric2EveGen:
[12.357892890120036, 58.924903970452434, 39.95825577100647, 15.21356786703601, 9.157361034164357, 6.655925207756234, 5.526891043397969, 3.072826408125577, 2.6183130193905817, 2.357996306555864, 2.385747922437673, 2.2621505078485686, 2.439701174592915, 2.1923782579821705, 2.1232379937979933, 2.383309009684659, 2.9223590455025104, 2.877398509377599, 2.806967620452389, 3.029917274264802, 3.0348757790801235]

listiAveFitEvaNumByThisGen:
[20, 540, 1060, 1580, 2100, 2620, 3140, 3660, 4180, 4700, 5220, 5740, 6260, 6790, 7326, 7866, 8423, 9023, 9646, 10296, 10990]
------------------------new instance-----------------------------
listiEveGenLocalSearchedIndNum_AllRunsEve:
[0.0, 10.0, 20.0, 30.0, 40.0, 50.0, 60.0, 70.0, 80.0, 90.0, 100.0, 110.0, 120.0, 130.0, 140.0, 150.0, 160.0, 170.0, 180.0, 190.0, 200.0]

listfEveGenBestIndFitness_AllRunsAve:
[0.04706267995572898, 0.05302501933971907, 0.06276389867892448, 0.07386082510162145, 0.08793344959849941, 0.09913190663666217, 0.11018274872841989, 0.12111388211561686, 0.12966224482874106, 0.1366610147391808, 0.14229786733847904, 0.14625287529897607, 0.14903438981600708, 0.15072832962258537, 0.15229661784111362, 0.1524392129020287, 0.15299378077250417, 0.1531683545415231, 0.1531683545415231, 0.15336885070973455, 0.15336885070973455]

listEveGenDiversityMetric1_AllRunsAve:
[1.0, 0.9983333333333333, 0.97, 0.8433333333333334, 0.7766666666666667, 0.5966666666666669, 0.5650000000000001, 0.5433333333333332, 0.5483333333333332, 0.5483333333333333, 0.5366666666666666, 0.55, 0.5119444444444444, 0.5258333333333334, 0.5800000000000001, 0.641388888888889, 0.6326262626262628, 0.5885511363636364, 0.5812608225108226, 0.5690090811965812, 0.6001766513056837]

listfEveGenProportion_belongToLocalSearchedIndNeighbor_exceptCurrLocalSearchedInd_AllRunsAve:
[0.0, 0.0, 0.0, 0.0, 0.0, 0.0, 0.008333333333333333, 0.028333333333333335, 0.10166666666666667, 0.1916666666666667, 0.3466666666666667, 0.4466666666666666, 0.5805555555555555, 0.6277777777777778, 0.6311111111111108, 0.5736111111111112, 0.6707070707070708, 0.7405334595959597, 0.7649652777777778, 0.8199015567765567, 0.8100930767261411]

listiAveDiversityMetric2EveGen:
[12.357892890120036, 38.306033240997216, 18.98826500461681, 14.503110803324098, 8.196776546629733, 4.694082179132041, 3.8073379501385043, 2.8043167128347184, 2.467385041551246, 2.129118190212373, 1.9605964912280702, 1.8764912280701755, 1.9325436404297562, 1.9209806556953704, 2.1495561382502055, 2.292495779634614, 2.3495867892163114, 2.365183058220114, 2.66806161933337, 2.7222112364562503, 2.7508132559487195]

listiAveFitEvaNumByThisGen:
[20, 540, 1060, 1580, 2100, 2620, 3140, 3660, 4180, 4700, 5220, 5740, 6260, 6786, 7323, 7880, 8466, 9083, 9723, 10410, 11133]
------------------------new instance-----------------------------
listiEveGenLocalSearchedIndNum_AllRunsEve:
[0.0, 10.0, 20.0, 30.0, 40.0, 50.0, 60.0, 70.0, 80.0, 90.0, 100.0, 110.0, 120.0, 130.0, 140.0, 150.0, 160.0, 170.0, 180.0, 190.0, 200.0]

listfEveGenBestIndFitness_AllRunsAve:
[0.050337641677217805, 0.056656025846733904, 0.06863693991583567, 0.07972871932398404, 0.09095736580674947, 0.1019079176300382, 0.11166991574916281, 0.11981050874315087, 0.1257403969764642, 0.12988240818077124, 0.1328264252363314, 0.1353520837041472, 0.13696334487420828, 0.1387720582394467, 0.13915197572304824, 0.1397190366538904, 0.13987055366604262, 0.13999706255406155, 0.14008471696156594, 0.1402755159252638, 0.14031541601788408]

listEveGenDiversityMetric1_AllRunsAve:
[1.0, 1.0, 0.965, 0.8150000000000001, 0.7366666666666665, 0.6650000000000001, 0.6050000000000001, 0.5483333333333335, 0.5533333333333333, 0.5783333333333334, 0.6044444444444443, 0.6125000000000002, 0.6266666666666668, 0.6349999999999998, 0.6325000000000001, 0.6085858585858585, 0.6160353535353534, 0.6607796717171717, 0.645574044011544, 0.6241036047286047, 0.6103773399539527]

listfEveGenProportion_belongToLocalSearchedIndNeighbor_exceptCurrLocalSearchedInd_AllRunsAve:
[0.0, 0.0, 0.0, 0.0, 0.0, 0.0, 0.0016666666666666668, 0.02333333333333333, 0.08666666666666667, 0.22000000000000006, 0.32222222222222213, 0.47555555555555545, 0.5161111111111112, 0.5625, 0.6577777777777778, 0.6887373737373736, 0.6953787878787878, 0.6491287878787879, 0.7094651875901875, 0.7424367993117992, 0.7769654941832361]

listiAveDiversityMetric2EveGen:
[12.357892890120036, 67.8492326869806, 30.009055401662053, 14.653400738688822, 9.867761772853184, 5.350430286241921, 3.2395817174515242, 2.8787774699907662, 3.211758079409049, 2.894171745152355, 2.9867104936302185, 2.8770302800297425, 3.2060053233847636, 3.24857322655856, 3.274340815215519, 3.24150506799897, 3.0341096638472775, 3.3144125259838684, 3.4535271811739343, 3.3194988528021123, 3.420506891674267]

listiAveFitEvaNumByThisGen:
[20, 540, 1060, 1580, 2100, 2620, 3140, 3660, 4180, 4700, 5220, 5743, 6270, 6806, 7353, 7906, 8476, 9070, 9700, 10363, 11063]
------------------------new instance-----------------------------
listiEveGenLocalSearchedIndNum_AllRunsEve:
[0.0, 10.0, 20.0, 30.0, 40.0, 50.0, 60.0, 70.0, 80.0, 90.0, 100.0, 110.0, 120.0, 130.0, 140.0, 150.0, 160.0, 170.0, 180.0, 190.0, 200.0]

listfEveGenBestIndFitness_AllRunsAve:
[0.04754803463074221, 0.05340172647317775, 0.06342021658797521, 0.07394327398767292, 0.08481737091460347, 0.09508720819160225, 0.10566099706873867, 0.11435264806210811, 0.12184364979082817, 0.12787034666779845, 0.13210582519458788, 0.1354901552260121, 0.13683642209799773, 0.13852300185661573, 0.13894157975612037, 0.139513185298419, 0.13980021056883868, 0.1401117957422976, 0.14029017333583718, 0.14039166191910812, 0.14050464951162506]

listEveGenDiversityMetric1_AllRunsAve:
[1.0, 0.9983333333333333, 0.9633333333333334, 0.8866666666666666, 0.7633333333333333, 0.6633333333333334, 0.5950000000000001, 0.5666666666666668, 0.5316666666666667, 0.5383333333333334, 0.5566666666666666, 0.5316666666666667, 0.5802777777777778, 0.5791666666666667, 0.5730555555555557, 0.5769949494949496, 0.6343939393939394, 0.6367739898989898, 0.6127245670995671, 0.587269327894328, 0.5883566310481633]

listfEveGenProportion_belongToLocalSearchedIndNeighbor_exceptCurrLocalSearchedInd_AllRunsAve:
[0.0, 0.0, 0.0, 0.0, 0.0, 0.0, 0.005, 0.028333333333333335, 0.05333333333333333, 0.145, 0.26666666666666666, 0.4366666666666666, 0.5050000000000001, 0.5830555555555555, 0.6844444444444447, 0.6754545454545454, 0.6292171717171716, 0.6850536616161613, 0.7437391774891775, 0.7946577034077034, 0.8223474005832875]

listiAveDiversityMetric2EveGen:
[12.357892890120036, 53.538395198522615, 26.741808864265934, 15.224372114496768, 9.30519298245614, 10.144382271468144, 4.783437673130194, 3.905119113573407, 3.6916223453370263, 3.221894736842106, 2.977801477377654, 2.7693970452446917, 2.988552809777434, 2.5808887007612054, 2.513183838074545, 2.7436182786669523, 3.0094694119596506, 2.9175315553040084, 3.070047860550021, 3.002180703132488, 3.2979375535815447]

listiAveFitEvaNumByThisGen:
[20, 540, 1060, 1580, 2100, 2620, 3140, 3660, 4180, 4700, 5220, 5740, 6260, 6793, 7336, 7886, 8463, 9073, 9716, 10390, 11110]
------------------------new instance-----------------------------
