1.325718470157215779e+05 1.325718470157215779e+05 1.325718470157215779e+05 1.325718470157215779e+05 1.325718470157215779e+05 1.325718470157215779e+05 1.325718470157215779e+05 1.325718470157215779e+05 1.325718470157215779e+05 1.325718470157215779e+05
1.312700384858388570e+05 1.312700384858388570e+05 1.312700384858388570e+05 1.312700384858388570e+05 1.312700384858388570e+05 1.312700384858388570e+05 1.312700384858388570e+05 1.312700384858388570e+05 1.312700384858388570e+05 1.312700384858388570e+05
1.316127410032013431e+05 1.316127410032013431e+05 1.316127410032013431e+05 1.316127410032013431e+05 1.316127410032013431e+05 1.316127410032013431e+05 1.316127410032013431e+05 1.316127410032013431e+05 1.316127410032013431e+05 1.316127410032013431e+05
1.278307407305320521e+05 1.278307407305320521e+05 1.278307407305320521e+05 1.278307407305320521e+05 1.278307407305320521e+05 1.278307407305320521e+05 1.278307407305320521e+05 1.278307407305320521e+05 1.278307407305320521e+05 1.278307407305320521e+05
1.325610251766298024e+05 1.325610251766298024e+05 1.325610251766298024e+05 1.325610251766298024e+05 1.325610251766298024e+05 1.325610251766298024e+05 1.325610251766298024e+05 1.325610251766298024e+05 1.337871846027687425e+05 1.337871846027687425e+05
1.344315239694013144e+05 1.344315239694013144e+05 1.344315239694013144e+05 1.344315239694013144e+05 1.344315239694013144e+05 1.344315239694013144e+05 1.344315239694013144e+05 1.344315239694013144e+05 1.344315239694013144e+05 1.344315239694013144e+05
1.325946529789487831e+05 1.325946529789487831e+05 1.325946529789487831e+05 1.325946529789487831e+05 1.325946529789487831e+05 1.325946529789487831e+05 1.325946529789487831e+05 1.325946529789487831e+05 1.325946529789487831e+05 1.325946529789487831e+05
1.362119226979943924e+05 1.362119226979943924e+05 1.362119226979943924e+05 1.362119226979943924e+05 1.362119226979943924e+05 1.362119226979943924e+05 1.362119226979943924e+05 1.362119226979943924e+05 1.362119226979943924e+05 1.362119226979943924e+05
1.346295932107366098e+05 1.346295932107366098e+05 1.346295932107366098e+05 1.346295932107366098e+05 1.346295932107366098e+05 1.346295932107366098e+05 1.346295932107366098e+05 1.346295932107366098e+05 1.346295932107366098e+05 1.346295932107366098e+05
1.318986541317223164e+05 1.318986541317223164e+05 1.318986541317223164e+05 1.318986541317223164e+05 1.318986541317223164e+05 1.318986541317223164e+05 1.337321353918765672e+05 1.337321353918765672e+05 1.337321353918765672e+05 1.337321353918765672e+05
