7.184227060849564623e+03 7.108750012337965927e+03 6.982675619301529878e+03 7.049687679829212357e+03 7.220454032556209313e+03 7.207118875016133643e+03 7.113264422629645196e+03 7.196877382206081165e+03 7.176045570994938316e+03 7.105570950795435238e+03
7.154362541412622704e+03 7.327081445890653413e+03 7.292048129284613424e+03 7.213627499602564058e+03 7.299829117945400867e+03 7.141016062335897004e+03 7.286011881220877513e+03 7.292048129284613424e+03 7.204815532070198969e+03 7.336069626189950213e+03
6.895700296076865925e+03 6.969404740182293608e+03 6.916595043659525800e+03 7.078117432473524786e+03 6.991811478731193347e+03 7.069542509358548159e+03 7.069542509358548159e+03 6.962254131183133723e+03 7.010180244009941816e+03 6.786728594557919678e+03
7.130722594824700536e+03 7.338066684756003269e+03 7.338066684756003269e+03 7.325277756186060287e+03 7.130722594824700536e+03 7.130722594824700536e+03 7.363937770323177574e+03 7.130722594824700536e+03 7.225840420559004997e+03 7.380821757049792723e+03
7.028379629481381016e+03 6.925870219452086531e+03 7.188325603478538142e+03 6.925870219452086531e+03 6.893360412051637468e+03 6.925870219452086531e+03 6.925870219452086531e+03 6.893360412051637468e+03 7.050737490928643638e+03 6.937345660045729346e+03
6.930613294665018657e+03 6.725135155768132790e+03 6.520228816818852465e+03 6.690879118547116377e+03 6.756467731402286518e+03 6.690879118547116377e+03 6.755333425393068865e+03 6.843599464446230741e+03 6.520228816818852465e+03 6.520228816818852465e+03
7.279011859842909871e+03 7.138541657703372948e+03 7.443282248657055788e+03 7.260352392242310088e+03 7.380646623375079798e+03 7.153933394918945851e+03 7.129236012803417907e+03 7.129236012803417907e+03 7.242415385352151134e+03 7.317603555382223021e+03
7.193912176662377533e+03 7.171965987652609329e+03 7.198368534602306681e+03 7.398865764388805474e+03 7.107401187858619778e+03 7.256787335792905651e+03 7.107401187858619778e+03 7.107401187858619778e+03 7.198368534602306681e+03 7.398865764388805474e+03
7.797885385290760496e+03 7.726651846815067984e+03 7.800175616244585399e+03 7.731210329934285255e+03 7.797885385290760496e+03 7.983668015314137847e+03 7.731210329934285255e+03 7.840036590893520042e+03 7.731210329934285255e+03 7.914426758419213002e+03
7.209731616468840002e+03 7.077829921668057978e+03 7.259079388706621103e+03 7.077829921668057978e+03 7.074906738323097670e+03 7.148506926147434569e+03 7.312496721092729786e+03 7.142065233112505666e+03 7.384444089605415684e+03 7.142065233112505666e+03
