listiEveGenLocalSearchedIndNum_AllRunsEve:
[0.0, 0.0, 0.0, 0.0, 0.0, 0.0, 0.0, 0.0, 0.0, 0.0, 0.0, 0.0, 0.0, 0.0, 0.0, 0.0, 0.0, 0.0, 0.0, 0.0, 0.0, 0.0, 0.0, 0.0, 0.0, 0.0, 0.0, 0.0, 0.0, 0.0, 0.0, 0.0, 0.0, 0.0, 0.0, 0.0, 0.0, 0.0, 0.0, 0.0, 0.0, 0.0, 0.0, 0.0, 0.0, 0.0, 0.0, 0.0, 0.0, 0.0, 0.0, 0.0, 0.0, 0.0, 0.0, 0.0, 0.0, 0.0, 0.0, 0.0, 0.0, 0.0, 0.0, 0.0, 0.0, 0.0, 0.0, 0.0, 0.0, 0.0, 0.0, 0.0, 0.0, 0.0, 0.0, 0.0, 0.0, 0.0, 0.0, 0.0, 0.0, 0.0, 0.0, 0.0, 0.0, 0.0, 0.0, 0.0, 0.0, 0.0, 0.0, 0.0, 0.0, 0.0, 0.0, 0.0, 0.0, 0.0, 0.0, 0.0, 0.0]

listfEveGenBestIndFitness_AllRunsAve:
[0.08590204802407858, 0.09734452239241986, 0.10567033153588387, 0.11860738365905187, 0.12932907150013415, 0.13648428172420074, 0.1437770508035268, 0.15199164518839417, 0.156918569687765, 0.1612158926334613, 0.16331263010878067, 0.16589689110274536, 0.16857490634383898, 0.16954680649408277, 0.17325647350831336, 0.17483866641511867, 0.1779586853777105, 0.1790396292726638, 0.1796315908154628, 0.18033667229209388, 0.18102781349951955, 0.18193594646377187, 0.1822956772092255, 0.18293241643683425, 0.18321678182562814, 0.1836698647098439, 0.18377301994268863, 0.1843720744338926, 0.1843720744338926, 0.18484476829276264, 0.18526804387011467, 0.18534170446116024, 0.1859406564610748, 0.18621360821128807, 0.18637269323862002, 0.18658082819142835, 0.18673999141558414, 0.18684099207840799, 0.18717429185021967, 0.18725383436388562, 0.18725383436388562, 0.18749079748545264, 0.18749079748545264, 0.18757033999911862, 0.18757033999911862, 0.18757033999911862, 0.18757033999911862, 0.18763017558474923, 0.18763017558474923, 0.1877766894658411, 0.187923203346933, 0.187923203346933, 0.187923203346933, 0.18812918372972037, 0.18812918372972037, 0.18812918372972037, 0.18812918372972037, 0.18812918372972037, 0.18812918372972037, 0.18812918372972037, 0.18812918372972037, 0.18812918372972037, 0.18812918372972037, 0.18812918372972037, 0.18812918372972037, 0.18812918372972037, 0.18812918372972037, 0.18812918372972037, 0.18812918372972037, 0.18812918372972037, 0.18812918372972037, 0.18812918372972037, 0.18812918372972037, 0.18812918372972037, 0.18812918372972037, 0.18812918372972037, 0.18812918372972037, 0.18812918372972037, 0.18812918372972037, 0.18812918372972037, 0.18812918372972037, 0.18812918372972037, 0.18812918372972037, 0.18812918372972037, 0.18812918372972037, 0.18812918372972037, 0.18812918372972037, 0.18812918372972037, 0.18812918372972037, 0.18812918372972037, 0.18812918372972037, 0.18812918372972037, 0.18812918372972037, 0.18812918372972037, 0.18812918372972037, 0.18812918372972037, 0.18812918372972037, 0.18812918372972037, 0.18812918372972037, 0.18812918372972037, 0.18812918372972037]

listEveGenDiversityMetric1_AllRunsAve:
[1.0, 0.9966666666666667, 0.9960000000000001, 0.9953333333333334, 0.9893333333333335, 0.9840000000000002, 0.9853333333333335, 0.9780000000000003, 0.9653333333333337, 0.9640000000000004, 0.960666666666667, 0.9553333333333336, 0.9480000000000004, 0.9400000000000005, 0.9173333333333337, 0.9046666666666663, 0.8906666666666667, 0.8813333333333333, 0.8680000000000001, 0.852, 0.826, 0.8000000000000002, 0.7653333333333332, 0.738, 0.7026666666666667, 0.6733333333333333, 0.6506666666666666, 0.6180000000000001, 0.5980000000000001, 0.5646666666666665, 0.5346666666666665, 0.5053333333333333, 0.4806666666666667, 0.4613333333333333, 0.4413333333333333, 0.4193333333333333, 0.402, 0.382, 0.35666666666666674, 0.32599999999999996, 0.30800000000000005, 0.29266666666666663, 0.27399999999999997, 0.2586666666666667, 0.24399999999999997, 0.22933333333333336, 0.212, 0.20066666666666663, 0.18933333333333333, 0.17933333333333337, 0.1673333333333334, 0.16333333333333339, 0.15533333333333338, 0.14733333333333334, 0.1406666666666667, 0.13066666666666668, 0.12333333333333335, 0.11466666666666668, 0.10733333333333334, 0.10133333333333334, 0.09333333333333335, 0.08933333333333336, 0.07866666666666669, 0.07466666666666667, 0.06600000000000002, 0.06000000000000002, 0.05533333333333335, 0.048666666666666684, 0.04400000000000002, 0.040000000000000015, 0.040000000000000015, 0.03933333333333334, 0.03800000000000001, 0.038666666666666676, 0.03733333333333334, 0.036666666666666674, 0.03466666666666667, 0.03400000000000001, 0.03266666666666668, 0.031333333333333345, 0.031333333333333345, 0.03200000000000001, 0.03200000000000001, 0.03200000000000001, 0.03200000000000001, 0.03066666666666668, 0.030000000000000013, 0.029333333333333343, 0.02733333333333334, 0.026666666666666675, 0.026666666666666675, 0.02733333333333334, 0.026000000000000013, 0.025333333333333343, 0.025333333333333343, 0.025333333333333343, 0.024666666666666677, 0.024666666666666677, 0.024666666666666677, 0.02400000000000001, 0.02400000000000001]

listfEveGenProportion_belongToLocalSearchedIndNeighbor_exceptCurrLocalSearchedInd_AllRunsAve:
[0.0, 0.0, 0.0, 0.0, 0.0, 0.0, 0.0, 0.0, 0.0, 0.0, 0.0, 0.0, 0.0, 0.0, 0.0, 0.0, 0.0, 0.0, 0.0, 0.0, 0.0, 0.0, 0.0, 0.0, 0.0, 0.0, 0.0, 0.0, 0.0, 0.0, 0.0, 0.0, 0.0, 0.0, 0.0, 0.0, 0.0, 0.0, 0.0, 0.0, 0.0, 0.0, 0.0, 0.0, 0.0, 0.0, 0.0, 0.0, 0.0, 0.0, 0.0, 0.0, 0.0, 0.0, 0.0, 0.0, 0.0, 0.0, 0.0, 0.0, 0.0, 0.0, 0.0, 0.0, 0.0, 0.0, 0.0, 0.0, 0.0, 0.0, 0.0, 0.0, 0.0, 0.0, 0.0, 0.0, 0.0, 0.0, 0.0, 0.0, 0.0, 0.0, 0.0, 0.0, 0.0, 0.0, 0.0, 0.0, 0.0, 0.0, 0.0, 0.0, 0.0, 0.0, 0.0, 0.0, 0.0, 0.0, 0.0, 0.0, 0.0]

listiAveDiversityMetric2EveGen:
[7.504348654727197, 8.907652655837845, 8.728316001665972, 7.723362287935584, 6.876838472858532, 6.022757628765793, 5.4011377037345545, 4.85297152852978, 4.415944201027349, 4.076116995696239, 3.750940574760516, 3.510414838261836, 3.3149003915035404, 3.100660058309038, 3.0387829071220325, 3.031677689851451, 2.932255293627655, 2.8392193919200324, 2.7568551325836457, 2.7000233458281273, 2.6920033097320557, 2.6388516784673053, 2.628272175482437, 2.6102084131611836, 2.6079261640982927, 2.566532922393448, 2.555477528807441, 2.517902429543246, 2.524914352353186, 2.4934465750381785, 2.4594480299875054, 2.353094921560461, 2.338381585450507, 2.3044162709981952, 2.2705942746078023, 2.2075931472997365, 2.192241055115924, 2.1995478772733588, 2.206966563931695, 2.166089818131334, 2.1487293183395813, 2.0992363404137167, 2.0475666694432872, 1.9956414605025687, 1.9760298098014715, 1.9322835040955162, 1.861456215465778, 1.8112739247535752, 1.778715313064001, 1.7379123143134805, 1.6871579064278777, 1.6198973983062614, 1.5392779230876026, 1.4929982729418296, 1.4367864056643067, 1.4272477134527284, 1.3966674774399557, 1.3198111453561017, 1.2886562154657781, 1.233264895182563, 1.19112583090379, 1.1206833597112316, 1.075772916840205, 1.0558080799666805, 0.9670059697348328, 0.8779266416770791, 0.8109890212411497, 0.7219515424128836, 0.6635073608218799, 0.5853945744828545, 0.5722702651672915, 0.5520357628765792, 0.5289262807163682, 0.5065941635429682, 0.48824643065389417, 0.45210229071220326, 0.42196675829515473, 0.3963707566291823, 0.3787724003887269, 0.34245979730667775, 0.3424652172705817, 0.34367031514646673, 0.3430493294460642, 0.34306621130084686, 0.33338562265722615, 0.3241077995279744, 0.3086217187283076, 0.30223771206441763, 0.26669065667083164, 0.24668903512425383, 0.22405393308343743, 0.1970643787310843, 0.1685706511175899, 0.15176058864362071, 0.14892852422601696, 0.14310943773427737, 0.11982278495071498, 0.11668889073996945, 0.08924539219769541, 0.07999022629459947, 0.07203700680272108]

listiAveFitEvaNumByThisGen:
[50, 140, 230, 319, 409, 499, 588, 677, 767, 857, 947, 1038, 1128, 1217, 1308, 1397, 1486, 1576, 1666, 1756, 1846, 1935, 2025, 2115, 2207, 2296, 2387, 2476, 2565, 2655, 2745, 2835, 2925, 3016, 3107, 3198, 3288, 3378, 3468, 3558, 3645, 3735, 3824, 3913, 4002, 4093, 4182, 4272, 4361, 4451, 4541, 4632, 4722, 4814, 4902, 4993, 5081, 5171, 5261, 5351, 5442, 5533, 5623, 5712, 5801, 5891, 5980, 6070, 6161, 6251, 6341, 6430, 6521, 6610, 6700, 6791, 6881, 6970, 7060, 7150, 7240, 7329, 7418, 7509, 7599, 7689, 7779, 7870, 7961, 8050, 8140, 8231, 8322, 8412, 8500, 8589, 8679, 8770, 8861, 8950, 9042]
------------------------new instance-----------------------------
listiEveGenLocalSearchedIndNum_AllRunsEve:
[0.0, 0.0, 0.0, 0.0, 0.0, 0.0, 0.0, 0.0, 0.0, 0.0, 0.0, 0.0, 0.0, 0.0, 0.0, 0.0, 0.0, 0.0, 0.0, 0.0, 0.0, 0.0, 0.0, 0.0, 0.0, 0.0, 0.0, 0.0, 0.0, 0.0, 0.0, 0.0, 0.0, 0.0, 0.0, 0.0, 0.0, 0.0, 0.0, 0.0, 0.0, 0.0, 0.0, 0.0, 0.0, 0.0, 0.0, 0.0, 0.0, 0.0, 0.0, 0.0, 0.0, 0.0, 0.0, 0.0, 0.0, 0.0, 0.0, 0.0, 0.0, 0.0, 0.0, 0.0, 0.0, 0.0, 0.0, 0.0, 0.0, 0.0, 0.0, 0.0, 0.0, 0.0, 0.0, 0.0, 0.0, 0.0, 0.0, 0.0, 0.0, 0.0, 0.0, 0.0, 0.0, 0.0, 0.0, 0.0, 0.0, 0.0, 0.0, 0.0, 0.0, 0.0, 0.0, 0.0, 0.0, 0.0, 0.0, 0.0, 0.0]

listfEveGenBestIndFitness_AllRunsAve:
[0.09399996201147033, 0.10321732414619188, 0.11360220486369282, 0.12255090093048962, 0.13178588412265982, 0.1388221700166688, 0.14435448269015222, 0.15007146017402756, 0.1539865273570606, 0.15847325134123558, 0.16261705514552222, 0.1665303643847464, 0.1685679974400445, 0.17014553191155543, 0.17074718492845828, 0.1715407689261643, 0.17293997707532313, 0.1742295713730727, 0.17467864666102137, 0.17467864666102137, 0.176113290021676, 0.17737856563900187, 0.17793463511304183, 0.1781484688880064, 0.178839356343676, 0.17897267919972967, 0.17926090616582607, 0.17979976559841718, 0.18009436114811592, 0.18018417333132147, 0.18033955078731365, 0.180367225747762, 0.18049683080883913, 0.18103711888572552, 0.1812510604529238, 0.1813094182017975, 0.18139923038500308, 0.18141210704952435, 0.1816640592986071, 0.1816640592986071, 0.1816640592986071, 0.1817165902119898, 0.18184461855263478, 0.1818700149037427, 0.18220808902170707, 0.18220808902170707, 0.1822478818995786, 0.1822478818995786, 0.18248992348429047, 0.18258279595545934, 0.18258279595545934, 0.1826882674636523, 0.1826882674636523, 0.1826882674636523, 0.18270114412817354, 0.18270114412817354, 0.18274093700604507, 0.18274093700604507, 0.1828299904421526, 0.18304789019223916, 0.18304789019223916, 0.18304789019223916, 0.1830876830701107, 0.18316726882585377, 0.18316726882585377, 0.18321717477365299, 0.18321717477365299, 0.18321717477365299, 0.18325696765152452, 0.18325696765152452, 0.18334602108763207, 0.18348433508197562, 0.18348433508197562, 0.18348433508197562, 0.18348433508197562, 0.18358350158801084, 0.18358350158801084, 0.1836725550241184, 0.1836725550241184, 0.1836725550241184, 0.1836725550241184, 0.1836725550241184, 0.1836725550241184, 0.1836725550241184, 0.1836725550241184, 0.1836725550241184, 0.1836725550241184, 0.1836725550241184, 0.1836725550241184, 0.1836725550241184, 0.18371234790198993, 0.18371234790198993, 0.18371234790198993, 0.18371234790198993, 0.18379193365773303, 0.18379193365773303, 0.18379193365773303, 0.18379193365773303, 0.18379193365773303, 0.18379193365773303, 0.18379193365773303]

listEveGenDiversityMetric1_AllRunsAve:
[1.0, 0.9966666666666667, 0.9973333333333334, 0.9933333333333335, 0.9913333333333334, 0.9873333333333335, 0.9833333333333336, 0.9706666666666669, 0.9693333333333336, 0.9700000000000004, 0.9666666666666671, 0.9573333333333335, 0.9626666666666669, 0.9513333333333337, 0.9400000000000002, 0.9326666666666671, 0.9246666666666667, 0.9113333333333334, 0.8993333333333335, 0.8900000000000001, 0.8686666666666666, 0.8526666666666667, 0.8386666666666667, 0.8233333333333334, 0.7953333333333336, 0.7706666666666667, 0.7599999999999999, 0.7453333333333334, 0.7299999999999999, 0.718, 0.6999999999999997, 0.668, 0.6386666666666667, 0.6286666666666666, 0.6093333333333333, 0.5966666666666668, 0.5740000000000001, 0.5560000000000002, 0.5440000000000002, 0.5266666666666667, 0.5053333333333333, 0.49666666666666676, 0.48133333333333345, 0.4600000000000001, 0.4386666666666667, 0.4180000000000002, 0.40333333333333343, 0.38200000000000006, 0.36333333333333345, 0.3453333333333335, 0.3266666666666667, 0.3180000000000001, 0.3046666666666667, 0.28800000000000003, 0.2713333333333333, 0.258, 0.2493333333333333, 0.23533333333333328, 0.228, 0.22533333333333336, 0.21333333333333332, 0.2046666666666667, 0.19666666666666666, 0.1886666666666667, 0.18133333333333337, 0.17133333333333337, 0.16800000000000004, 0.16266666666666665, 0.15666666666666668, 0.14800000000000005, 0.1466666666666667, 0.1466666666666667, 0.13800000000000004, 0.1326666666666667, 0.12733333333333338, 0.12600000000000003, 0.12400000000000005, 0.12000000000000005, 0.11533333333333338, 0.1066666666666667, 0.10200000000000002, 0.09666666666666669, 0.09333333333333335, 0.08800000000000002, 0.08600000000000003, 0.08266666666666668, 0.08000000000000002, 0.07733333333333334, 0.07733333333333334, 0.07666666666666669, 0.07333333333333335, 0.07266666666666668, 0.06866666666666668, 0.06733333333333333, 0.06466666666666668, 0.06200000000000002, 0.059333333333333356, 0.059333333333333356, 0.059333333333333356, 0.058666666666666686, 0.05533333333333335]

listfEveGenProportion_belongToLocalSearchedIndNeighbor_exceptCurrLocalSearchedInd_AllRunsAve:
[0.0, 0.0, 0.0, 0.0, 0.0, 0.0, 0.0, 0.0, 0.0, 0.0, 0.0, 0.0, 0.0, 0.0, 0.0, 0.0, 0.0, 0.0, 0.0, 0.0, 0.0, 0.0, 0.0, 0.0, 0.0, 0.0, 0.0, 0.0, 0.0, 0.0, 0.0, 0.0, 0.0, 0.0, 0.0, 0.0, 0.0, 0.0, 0.0, 0.0, 0.0, 0.0, 0.0, 0.0, 0.0, 0.0, 0.0, 0.0, 0.0, 0.0, 0.0, 0.0, 0.0, 0.0, 0.0, 0.0, 0.0, 0.0, 0.0, 0.0, 0.0, 0.0, 0.0, 0.0, 0.0, 0.0, 0.0, 0.0, 0.0, 0.0, 0.0, 0.0, 0.0, 0.0, 0.0, 0.0, 0.0, 0.0, 0.0, 0.0, 0.0, 0.0, 0.0, 0.0, 0.0, 0.0, 0.0, 0.0, 0.0, 0.0, 0.0, 0.0, 0.0, 0.0, 0.0, 0.0, 0.0, 0.0, 0.0, 0.0, 0.0]

listiAveDiversityMetric2EveGen:
[7.504348654727197, 8.872627338608911, 8.747716718034152, 8.027131539636263, 7.276071947799527, 6.560026477856449, 5.80110136332084, 5.443193247258086, 4.950461663195891, 4.540061907538526, 4.32862449534916, 4.109790254060809, 3.894784550881577, 3.8176968485353324, 3.6756838428432603, 3.643107105372762, 3.5512407607941134, 3.4918706538942104, 3.4323729557128972, 3.3827996556990154, 3.3427984561988064, 3.367445164514786, 3.3449834124670255, 3.4102516840205466, 3.416082943218102, 3.4042618242399003, 3.376112219908372, 3.369886902679439, 3.360790692766903, 3.351313841454949, 3.3128900291545187, 3.300793113980286, 3.2800212355962794, 3.20909967513536, 3.180504389837568, 3.2107758656115513, 3.1861206275163116, 3.166852922393447, 3.1536811661807587, 3.100372533666528, 3.080087119255865, 3.0383407802304587, 2.968949337775926, 3.0170388116062763, 2.9511371150909342, 2.929458236845759, 2.9173311120366505, 2.852774988199362, 2.84090873247258, 2.815607185894765, 2.7637365320005554, 2.7805510370678883, 2.727238850478967, 2.6905066000277658, 2.626523215326947, 2.600123903928918, 2.589912691933917, 2.531159483548522, 2.508388349298903, 2.462386538942108, 2.4615463556851314, 2.398345489379425, 2.3445370651117594, 2.2870316034985425, 2.211036867971678, 2.163021852006109, 2.14025596001666, 2.0849936526447315, 2.028572805775371, 2.028247963348605, 2.0198896681938083, 1.9521489157295575, 1.9114957212272665, 1.8299791975565738, 1.7917344217687072, 1.7584635735110372, 1.714304817437179, 1.673662729418298, 1.5937949409968073, 1.4945235040955158, 1.4172423712342082, 1.3974873136193253, 1.3942753186172425, 1.3854337581563239, 1.3660366847147019, 1.3576741246702764, 1.3605629654310705, 1.3376258558933778, 1.3502107455226986, 1.3240754130223518, 1.2810602693322226, 1.2501388421491046, 1.2270991087047065, 1.2050886352908514, 1.1899874607802305, 1.1243772872414273, 1.0517038345133973, 1.0161606886019716, 0.9557539469665417, 0.8930603359711231, 0.8228165375537971]

listiAveFitEvaNumByThisGen:
[50, 140, 230, 319, 409, 499, 588, 677, 767, 857, 947, 1038, 1128, 1217, 1308, 1397, 1486, 1576, 1666, 1756, 1846, 1935, 2025, 2115, 2207, 2296, 2387, 2476, 2565, 2655, 2745, 2835, 2925, 3016, 3107, 3198, 3288, 3378, 3468, 3558, 3645, 3735, 3824, 3913, 4002, 4093, 4182, 4272, 4361, 4451, 4541, 4632, 4722, 4814, 4902, 4993, 5081, 5171, 5261, 5351, 5442, 5533, 5623, 5712, 5801, 5891, 5980, 6070, 6161, 6251, 6341, 6430, 6521, 6610, 6700, 6791, 6881, 6970, 7060, 7150, 7240, 7329, 7418, 7509, 7599, 7689, 7779, 7870, 7961, 8050, 8140, 8231, 8322, 8412, 8500, 8589, 8679, 8770, 8861, 8950, 9042]
------------------------new instance-----------------------------
listiEveGenLocalSearchedIndNum_AllRunsEve:
[0.0, 0.0, 0.0, 0.0, 0.0, 0.0, 0.0, 0.0, 0.0, 0.0, 0.0, 0.0, 0.0, 0.0, 0.0, 0.0, 0.0, 0.0, 0.0, 0.0, 0.0, 0.0, 0.0, 0.0, 0.0, 0.0, 0.0, 0.0, 0.0, 0.0, 0.0, 0.0, 0.0, 0.0, 0.0, 0.0, 0.0, 0.0, 0.0, 0.0, 0.0, 0.0, 0.0, 0.0, 0.0, 0.0, 0.0, 0.0, 0.0, 0.0, 0.0, 0.0, 0.0, 0.0, 0.0, 0.0, 0.0, 0.0, 0.0, 0.0, 0.0, 0.0, 0.0, 0.0, 0.0, 0.0, 0.0, 0.0, 0.0, 0.0, 0.0, 0.0, 0.0, 0.0, 0.0, 0.0, 0.0, 0.0, 0.0, 0.0, 0.0, 0.0, 0.0, 0.0, 0.0, 0.0, 0.0, 0.0, 0.0, 0.0, 0.0, 0.0, 0.0, 0.0, 0.0, 0.0, 0.0, 0.0, 0.0, 0.0, 0.0]

listfEveGenBestIndFitness_AllRunsAve:
[0.09951996261611559, 0.11167259913122166, 0.12071973734004457, 0.13247330027344997, 0.14497166608480325, 0.15137656626387103, 0.158568569998797, 0.16252026520219157, 0.16812549364274487, 0.17442460614318522, 0.17905544098843806, 0.18079492716552875, 0.18374666773109058, 0.18648104631473222, 0.18834014758226197, 0.19112930195994332, 0.19298927873986152, 0.19461119178770908, 0.195761101186722, 0.1961621520188274, 0.19755923845389012, 0.1988385924760748, 0.19914772511828166, 0.2005146899700568, 0.20173553185905224, 0.20234558578651704, 0.20294775627834646, 0.20310870641200257, 0.20316775598615458, 0.20357997092967442, 0.20400930160795427, 0.20437445103477156, 0.2048383981192585, 0.20537897358928653, 0.20560577057146465, 0.20564008238972784, 0.20564008238972784, 0.20597182226641966, 0.20597182226641966, 0.2063840372099395, 0.20638630048719278, 0.20663530201980326, 0.20663530201980326, 0.20671577708663133, 0.20688298269573469, 0.20700748346203993, 0.20700748346203993, 0.20700748346203993, 0.20713198422834514, 0.20713198422834514, 0.20713198422834514, 0.20713198422834514, 0.20725648499465038, 0.20725648499465038, 0.20732179936428155, 0.20732179936428155, 0.20732179936428155, 0.20735611118254474, 0.20748061194884998, 0.20748061194884998, 0.20772970454988532, 0.20772970454988532, 0.20785420531619056, 0.20785420531619056, 0.2080702144192353, 0.2080702144192353, 0.2080702144192353, 0.20807247769648857, 0.20807247769648857, 0.20807247769648857, 0.20827745352962182, 0.20827745352962182, 0.20840195429592706, 0.20840195429592706, 0.20840195429592706, 0.20840195429592706, 0.20840195429592706, 0.20840195429592706, 0.20840195429592706, 0.20840195429592706, 0.20840195429592706, 0.20840195429592706, 0.20840195429592706, 0.20840195429592706, 0.20840195429592706, 0.20840195429592706, 0.20840195429592706, 0.20840195429592706, 0.20840195429592706, 0.20840195429592706, 0.20840195429592706, 0.20840195429592706, 0.20840195429592706, 0.20840195429592706, 0.20840195429592706, 0.20840195429592706, 0.20840195429592706, 0.20840195429592706, 0.20840195429592706, 0.20840195429592706, 0.20840195429592706]

listEveGenDiversityMetric1_AllRunsAve:
[1.0, 0.9966666666666667, 0.9926666666666667, 0.9940000000000001, 0.9913333333333334, 0.9860000000000002, 0.9893333333333334, 0.9793333333333334, 0.9693333333333335, 0.9700000000000005, 0.9673333333333336, 0.9640000000000003, 0.9513333333333336, 0.9386666666666666, 0.9179999999999999, 0.9066666666666666, 0.9, 0.8959999999999998, 0.8906666666666667, 0.8740000000000001, 0.8600000000000002, 0.8393333333333334, 0.8186666666666668, 0.7959999999999999, 0.7766666666666667, 0.7620000000000001, 0.7460000000000002, 0.7206666666666667, 0.7006666666666665, 0.678, 0.6619999999999998, 0.6426666666666666, 0.6106666666666665, 0.5946666666666667, 0.5586666666666668, 0.5393333333333333, 0.5206666666666667, 0.49266666666666675, 0.4740000000000001, 0.4533333333333333, 0.42266666666666663, 0.40800000000000003, 0.3973333333333333, 0.38200000000000006, 0.35733333333333345, 0.3233333333333333, 0.3026666666666667, 0.2886666666666667, 0.26799999999999996, 0.25199999999999995, 0.23799999999999993, 0.22733333333333328, 0.216, 0.206, 0.1973333333333334, 0.18733333333333332, 0.18266666666666667, 0.1786666666666667, 0.16733333333333328, 0.156, 0.14533333333333337, 0.13400000000000004, 0.12333333333333336, 0.1206666666666667, 0.11333333333333336, 0.10600000000000002, 0.10466666666666669, 0.09666666666666668, 0.09466666666666669, 0.08866666666666669, 0.08400000000000002, 0.08133333333333334, 0.07600000000000003, 0.07200000000000002, 0.06866666666666668, 0.06466666666666669, 0.06200000000000003, 0.060000000000000026, 0.058666666666666686, 0.056666666666666685, 0.056666666666666685, 0.055333333333333345, 0.05200000000000001, 0.05000000000000002, 0.05000000000000002, 0.04866666666666668, 0.045333333333333344, 0.04333333333333334, 0.04333333333333334, 0.04266666666666667, 0.04200000000000001, 0.039333333333333345, 0.03666666666666669, 0.03600000000000002, 0.034666666666666686, 0.034666666666666686, 0.034000000000000016, 0.032666666666666684, 0.03066666666666668, 0.030000000000000013, 0.028666666666666677]

listfEveGenProportion_belongToLocalSearchedIndNeighbor_exceptCurrLocalSearchedInd_AllRunsAve:
[0.0, 0.0, 0.0, 0.0, 0.0, 0.0, 0.0, 0.0, 0.0, 0.0, 0.0, 0.0, 0.0, 0.0, 0.0, 0.0, 0.0, 0.0, 0.0, 0.0, 0.0, 0.0, 0.0, 0.0, 0.0, 0.0, 0.0, 0.0, 0.0, 0.0, 0.0, 0.0, 0.0, 0.0, 0.0, 0.0, 0.0, 0.0, 0.0, 0.0, 0.0, 0.0, 0.0, 0.0, 0.0, 0.0, 0.0, 0.0, 0.0, 0.0, 0.0, 0.0, 0.0, 0.0, 0.0, 0.0, 0.0, 0.0, 0.0, 0.0, 0.0, 0.0, 0.0, 0.0, 0.0, 0.0, 0.0, 0.0, 0.0, 0.0, 0.0, 0.0, 0.0, 0.0, 0.0, 0.0, 0.0, 0.0, 0.0, 0.0, 0.0, 0.0, 0.0, 0.0, 0.0, 0.0, 0.0, 0.0, 0.0, 0.0, 0.0, 0.0, 0.0, 0.0, 0.0, 0.0, 0.0, 0.0, 0.0, 0.0, 0.0]

listiAveDiversityMetric2EveGen:
[7.504348654727197, 8.960016526447314, 8.862089684853533, 8.014852300430379, 6.928669232264332, 6.268825589337776, 5.610998883798417, 5.215626022490628, 4.794370167985561, 4.4713152630848265, 4.249945633763709, 3.997125819797307, 3.8383638817159516, 3.776289035124253, 3.6473972289323893, 3.5524519894488398, 3.517638939330833, 3.4145190615021526, 3.381234618908788, 3.298656404275996, 3.242088596418159, 3.1734673219491882, 3.1291293516590306, 3.0856722587810634, 3.048956801332778, 2.9861112536443155, 2.954214144106622, 2.907947022074136, 2.9034185978064686, 2.866277717617659, 2.794625794807719, 2.747218881021796, 2.7356770234624457, 2.696295032625295, 2.696227505206165, 2.680377398306261, 2.6641906316812443, 2.6102923781757594, 2.6209560238789398, 2.5848400499791753, 2.5314414993752603, 2.43443205331112, 2.4074559155907256, 2.3154574482854366, 2.3042298597806465, 2.262050101346661, 2.178626994307927, 2.1061967291406356, 2.05064094405109, 1.9872709926419552, 1.8943011967235874, 1.8309648313202838, 1.7988464806330695, 1.756342501735388, 1.7024543773427736, 1.6536015771206443, 1.6365238928224348, 1.6281169956962374, 1.6697906538942113, 1.666546761071776, 1.6631718117451062, 1.6489223712342078, 1.5875100930167985, 1.557390287380258, 1.5046483520755238, 1.4990263390254062, 1.4957699180896846, 1.4648086852700262, 1.40962661113425, 1.4208027544078858, 1.3987703345828124, 1.3963670692766905, 1.3372684936831876, 1.262180935721227, 1.212044492572539, 1.1570936998472863, 1.0977215493544357, 1.0772863306955436, 1.0396477023462447, 0.9962479189226713, 0.9398351575732332, 0.9417826128002219, 0.8881133305567126, 0.8909907094266278, 0.8564305317228933, 0.7994333027905038, 0.7027202665556019, 0.7033143301402195, 0.6654555268638068, 0.6700417048452034, 0.6579985450506735, 0.6404933055671248, 0.637060602526725, 0.6316432153269472, 0.6087169457170625, 0.5768504900735805, 0.5375342496182146, 0.4701666749965291, 0.38903941135637937, 0.3885755157573233, 0.3820415271414689]

listiAveFitEvaNumByThisGen:
[50, 140, 230, 319, 409, 499, 588, 677, 767, 857, 947, 1038, 1128, 1217, 1308, 1397, 1486, 1576, 1666, 1756, 1846, 1935, 2025, 2115, 2207, 2296, 2387, 2476, 2565, 2655, 2745, 2835, 2925, 3016, 3107, 3198, 3288, 3378, 3468, 3558, 3645, 3735, 3824, 3913, 4002, 4093, 4182, 4272, 4361, 4451, 4541, 4632, 4722, 4814, 4902, 4993, 5081, 5171, 5261, 5351, 5442, 5533, 5623, 5712, 5801, 5891, 5980, 6070, 6161, 6251, 6341, 6430, 6521, 6610, 6700, 6791, 6881, 6970, 7060, 7150, 7240, 7329, 7418, 7509, 7599, 7689, 7779, 7870, 7961, 8050, 8140, 8231, 8322, 8412, 8500, 8589, 8679, 8770, 8861, 8950, 9042]
------------------------new instance-----------------------------
listiEveGenLocalSearchedIndNum_AllRunsEve:
[0.0, 0.0, 0.0, 0.0, 0.0, 0.0, 0.0, 0.0, 0.0, 0.0, 0.0, 0.0, 0.0, 0.0, 0.0, 0.0, 0.0, 0.0, 0.0, 0.0, 0.0, 0.0, 0.0, 0.0, 0.0, 0.0, 0.0, 0.0, 0.0, 0.0, 0.0, 0.0, 0.0, 0.0, 0.0, 0.0, 0.0, 0.0, 0.0, 0.0, 0.0, 0.0, 0.0, 0.0, 0.0, 0.0, 0.0, 0.0, 0.0, 0.0, 0.0, 0.0, 0.0, 0.0, 0.0, 0.0, 0.0, 0.0, 0.0, 0.0, 0.0, 0.0, 0.0, 0.0, 0.0, 0.0, 0.0, 0.0, 0.0, 0.0, 0.0, 0.0, 0.0, 0.0, 0.0, 0.0, 0.0, 0.0, 0.0, 0.0, 0.0, 0.0, 0.0, 0.0, 0.0, 0.0, 0.0, 0.0, 0.0, 0.0, 0.0, 0.0, 0.0, 0.0, 0.0, 0.0, 0.0, 0.0, 0.0, 0.0, 0.0]

listfEveGenBestIndFitness_AllRunsAve:
[0.08630556032394474, 0.0983792292929137, 0.10809227025474048, 0.12063523392827523, 0.12689501959091262, 0.13708824583956877, 0.1449587369205704, 0.15145306243484738, 0.15711273258805064, 0.16297114805710727, 0.16578313051901392, 0.16910968800718157, 0.17279676828936325, 0.17457537588609257, 0.1764610092979423, 0.17774011806675657, 0.17885899722513784, 0.17934351750427494, 0.18020673381792146, 0.18202765941037463, 0.18254330562097218, 0.1829841083542502, 0.18473193990588346, 0.18517072994099298, 0.185748279676209, 0.18643656072388845, 0.18659142089848568, 0.18672062095029282, 0.18716794215533958, 0.18765591374415708, 0.18853085089777108, 0.18871153962035, 0.18910429611698285, 0.18943839236068488, 0.18956862275391778, 0.18994101585902975, 0.19008188913385304, 0.19014196763550326, 0.19041865187490048, 0.19048522410851476, 0.19067195334542944, 0.1909252548159584, 0.1909252548159584, 0.1909252548159584, 0.1909252548159584, 0.19098533331760859, 0.19105190555122284, 0.19105190555122284, 0.19105190555122284, 0.1911184777848371, 0.1911184777848371, 0.1913346134617794, 0.1913346134617794, 0.1913346134617794, 0.19140118569539366, 0.19140118569539366, 0.19140118569539366, 0.19140118569539366, 0.19140118569539366, 0.19140118569539366, 0.19140118569539366, 0.19146775792900791, 0.19146775792900791, 0.19146775792900791, 0.19146775792900791, 0.19146775792900791, 0.19146775792900791, 0.19146775792900791, 0.19159798832224081, 0.19165806682389103, 0.19165806682389103, 0.19165806682389103, 0.19165806682389103, 0.19165806682389103, 0.19165806682389103, 0.19165806682389103, 0.19172463905750528, 0.19179121129111956, 0.19179121129111956, 0.19179121129111956, 0.19179121129111956, 0.19179121129111956, 0.19179121129111956, 0.19179121129111956, 0.19179121129111956, 0.19179121129111956, 0.19179121129111956, 0.19179121129111956, 0.19179121129111956, 0.19179121129111956, 0.19179121129111956, 0.19179121129111956, 0.19179121129111956, 0.19179121129111956, 0.19185778352473382, 0.19185778352473382, 0.19185778352473382, 0.19185778352473382, 0.19185778352473382, 0.19185778352473382, 0.19185778352473382]

listEveGenDiversityMetric1_AllRunsAve:
[1.0, 0.9966666666666667, 0.9960000000000001, 0.9953333333333334, 0.9920000000000002, 0.9886666666666668, 0.9846666666666669, 0.9793333333333336, 0.9720000000000002, 0.972666666666667, 0.9673333333333337, 0.9526666666666671, 0.9440000000000003, 0.9386666666666669, 0.920666666666667, 0.9253333333333332, 0.9153333333333332, 0.896, 0.8786666666666665, 0.8586666666666666, 0.8413333333333334, 0.818, 0.7906666666666665, 0.772, 0.7420000000000001, 0.7106666666666668, 0.688, 0.6579999999999999, 0.6219999999999999, 0.5966666666666666, 0.576, 0.5593333333333333, 0.53, 0.5126666666666667, 0.48066666666666674, 0.4613333333333334, 0.44600000000000006, 0.4286666666666667, 0.4153333333333334, 0.39066666666666666, 0.3773333333333334, 0.3680000000000001, 0.35533333333333333, 0.34133333333333343, 0.32800000000000007, 0.31133333333333335, 0.30000000000000004, 0.28866666666666674, 0.27666666666666667, 0.26999999999999996, 0.25533333333333336, 0.24866666666666665, 0.24133333333333332, 0.2353333333333333, 0.22666666666666668, 0.21399999999999997, 0.20599999999999996, 0.20133333333333334, 0.19333333333333336, 0.18733333333333343, 0.17400000000000007, 0.16600000000000004, 0.15400000000000005, 0.1446666666666667, 0.13800000000000004, 0.12933333333333338, 0.12133333333333338, 0.1146666666666667, 0.11000000000000006, 0.0986666666666667, 0.09466666666666669, 0.09000000000000004, 0.08400000000000003, 0.08133333333333335, 0.08000000000000003, 0.07600000000000003, 0.07533333333333335, 0.07266666666666668, 0.07200000000000002, 0.06733333333333334, 0.06733333333333334, 0.06466666666666668, 0.06333333333333334, 0.060666666666666674, 0.05933333333333334, 0.05600000000000001, 0.052666666666666674, 0.05066666666666667, 0.04866666666666668, 0.04666666666666667, 0.044000000000000004, 0.044000000000000004, 0.04200000000000001, 0.03933333333333334, 0.03933333333333334, 0.036666666666666674, 0.03600000000000001, 0.03600000000000001, 0.03400000000000001, 0.03333333333333334, 0.03333333333333334]

listfEveGenProportion_belongToLocalSearchedIndNeighbor_exceptCurrLocalSearchedInd_AllRunsAve:
[0.0, 0.0, 0.0, 0.0, 0.0, 0.0, 0.0, 0.0, 0.0, 0.0, 0.0, 0.0, 0.0, 0.0, 0.0, 0.0, 0.0, 0.0, 0.0, 0.0, 0.0, 0.0, 0.0, 0.0, 0.0, 0.0, 0.0, 0.0, 0.0, 0.0, 0.0, 0.0, 0.0, 0.0, 0.0, 0.0, 0.0, 0.0, 0.0, 0.0, 0.0, 0.0, 0.0, 0.0, 0.0, 0.0, 0.0, 0.0, 0.0, 0.0, 0.0, 0.0, 0.0, 0.0, 0.0, 0.0, 0.0, 0.0, 0.0, 0.0, 0.0, 0.0, 0.0, 0.0, 0.0, 0.0, 0.0, 0.0, 0.0, 0.0, 0.0, 0.0, 0.0, 0.0, 0.0, 0.0, 0.0, 0.0, 0.0, 0.0, 0.0, 0.0, 0.0, 0.0, 0.0, 0.0, 0.0, 0.0, 0.0, 0.0, 0.0, 0.0, 0.0, 0.0, 0.0, 0.0, 0.0, 0.0, 0.0, 0.0, 0.0]

listiAveDiversityMetric2EveGen:
[7.504348654727197, 8.987638084131614, 8.8355540746911, 8.088188321532694, 7.075467444120506, 6.093583584617521, 5.5682826377898085, 5.086336248785228, 4.522943173677634, 4.101208496459809, 3.73515355268638, 3.6034923226433433, 3.391993958073025, 3.2640056865195057, 3.1467003415243657, 3.0915973455504657, 3.011326258503401, 2.9186442537831456, 2.926029176731917, 2.938597539913924, 2.8585450284603637, 2.8221563681799253, 2.7667293294460644, 2.7388969262807157, 2.6821979730667778, 2.7024098181313345, 2.6692990809384978, 2.6881494488407607, 2.691137270581702, 2.6467497209496047, 2.652348721366098, 2.65561127308066, 2.683755901707622, 2.7000333860891303, 2.753264273219492, 2.7494299597389973, 2.7850566264056633, 2.7452883076495898, 2.7234578481188403, 2.646714713313897, 2.5961385422740526, 2.58432097737054, 2.588609768152159, 2.6077339775093713, 2.6043614271831173, 2.656055710120783, 2.6306054255171456, 2.656088052200472, 2.6104550659447443, 2.5346154657781477, 2.521020952380952, 2.5551382035263086, 2.529978819936138, 2.519159328057753, 2.4786884575871158, 2.462990820491462, 2.3727246091906142, 2.372637445508816, 2.372553658197973, 2.362136132167153, 2.3194754185755935, 2.2958568152158825, 2.2014694766069693, 2.0909918645009027, 2.009175821185617, 1.9385464945161737, 1.8731604053866444, 1.8139273080660838, 1.7414754518950442, 1.6065367430237398, 1.5860471470220743, 1.5475793530473412, 1.4756206247396917, 1.453948321532695, 1.430834130223518, 1.4242284381507704, 1.376684159378037, 1.3266770845481053, 1.2645360433152852, 1.255466044703596, 1.2439031292517009, 1.2000909843120922, 1.1622826488962934, 1.1037864889629323, 1.0775911814521728, 0.990212922393447, 0.9074745078439539, 0.8676750020824657, 0.7985520699708455, 0.7566285603220881, 0.7077220047202555, 0.7009920088851869, 0.6650545383867833, 0.6159183007080384, 0.5729733499930584, 0.4644093405525476, 0.46574709426627803, 0.4294646119672359, 0.3910854033041788, 0.37866462307371923, 0.3625978953213938]

listiAveFitEvaNumByThisGen:
[50, 140, 230, 319, 409, 499, 588, 677, 767, 857, 947, 1038, 1128, 1217, 1308, 1397, 1486, 1576, 1666, 1756, 1846, 1935, 2025, 2115, 2207, 2296, 2387, 2476, 2565, 2655, 2745, 2835, 2925, 3016, 3107, 3198, 3288, 3378, 3468, 3558, 3645, 3735, 3824, 3913, 4002, 4093, 4182, 4272, 4361, 4451, 4541, 4632, 4722, 4814, 4902, 4993, 5081, 5171, 5261, 5351, 5442, 5533, 5623, 5712, 5801, 5891, 5980, 6070, 6161, 6251, 6341, 6430, 6521, 6610, 6700, 6791, 6881, 6970, 7060, 7150, 7240, 7329, 7418, 7509, 7599, 7689, 7779, 7870, 7961, 8050, 8140, 8231, 8322, 8412, 8500, 8589, 8679, 8770, 8861, 8950, 9042]
------------------------new instance-----------------------------
listiEveGenLocalSearchedIndNum_AllRunsEve:
[0.0, 0.0, 0.0, 0.0, 0.0, 0.0, 0.0, 0.0, 0.0, 0.0, 0.0, 0.0, 0.0, 0.0, 0.0, 0.0, 0.0, 0.0, 0.0, 0.0, 0.0, 0.0, 0.0, 0.0, 0.0, 0.0, 0.0, 0.0, 0.0, 0.0, 0.0, 0.0, 0.0, 0.0, 0.0, 0.0, 0.0, 0.0, 0.0, 0.0, 0.0, 0.0, 0.0, 0.0, 0.0, 0.0, 0.0, 0.0, 0.0, 0.0, 0.0, 0.0, 0.0, 0.0, 0.0, 0.0, 0.0, 0.0, 0.0, 0.0, 0.0, 0.0, 0.0, 0.0, 0.0, 0.0, 0.0, 0.0, 0.0, 0.0, 0.0, 0.0, 0.0, 0.0, 0.0, 0.0, 0.0, 0.0, 0.0, 0.0, 0.0, 0.0, 0.0, 0.0, 0.0, 0.0, 0.0, 0.0, 0.0, 0.0, 0.0, 0.0, 0.0, 0.0, 0.0, 0.0, 0.0, 0.0, 0.0, 0.0, 0.0]

listfEveGenBestIndFitness_AllRunsAve:
[0.0906218427951668, 0.10106059844816466, 0.11082263333810533, 0.1214365489376004, 0.12996055031541312, 0.1402842711806252, 0.14693653298063816, 0.15267066667606077, 0.15731366590001936, 0.16183075797549357, 0.16730039518838605, 0.17093574871567072, 0.17249731759719794, 0.17397720106935405, 0.17718364176957915, 0.17823288989929556, 0.17924106067319284, 0.18008976785841918, 0.18099725666281732, 0.1823057158089561, 0.18264844211109565, 0.18335109280849024, 0.18415726254939813, 0.18471801519273023, 0.1851838032733243, 0.1856578266546391, 0.18609049956518026, 0.18615582489462046, 0.18671459693631526, 0.18717777958251083, 0.1872638250590362, 0.18734169135072434, 0.1876733269310767, 0.18804469565450996, 0.18810878397567302, 0.18842935736616742, 0.18851043107262086, 0.18857451939378397, 0.1887877501302848, 0.18900098086678563, 0.18900098086678563, 0.18900098086678563, 0.18900098086678563, 0.18900098086678563, 0.18900098086678563, 0.18914614289440218, 0.18914614289440218, 0.18927829992444956, 0.18927829992444956, 0.18927829992444956, 0.18935937363090302, 0.18944044733735646, 0.18944044733735646, 0.18944044733735646, 0.18944044733735646, 0.18944044733735646, 0.18944044733735646, 0.18952152104380993, 0.18952152104380993, 0.18952152104380993, 0.18952152104380993, 0.18952152104380993, 0.18960259475026342, 0.18960259475026342, 0.18960259475026342, 0.18960259475026342, 0.18960259475026342, 0.18960259475026342, 0.18960259475026342, 0.18968366845671686, 0.18968366845671686, 0.18968366845671686, 0.18968366845671686, 0.18968366845671686, 0.18968366845671686, 0.18968366845671686, 0.18968366845671686, 0.18968366845671686, 0.18968366845671686, 0.18968366845671686, 0.18968366845671686, 0.18968366845671686, 0.18968366845671686, 0.18968366845671686, 0.18968366845671686, 0.18968366845671686, 0.18968366845671686, 0.18968366845671686, 0.18968366845671686, 0.18968366845671686, 0.18968366845671686, 0.18968366845671686, 0.18968366845671686, 0.18968366845671686, 0.18968366845671686, 0.18968366845671686, 0.18968366845671686, 0.18968366845671686, 0.18968366845671686, 0.18968366845671686, 0.18968366845671686]

listEveGenDiversityMetric1_AllRunsAve:
[1.0, 0.9966666666666667, 0.9973333333333334, 0.9953333333333334, 0.9913333333333334, 0.9906666666666669, 0.9900000000000001, 0.9840000000000002, 0.9820000000000003, 0.9793333333333336, 0.9680000000000004, 0.9593333333333335, 0.9500000000000004, 0.9400000000000005, 0.9273333333333337, 0.9273333333333335, 0.906, 0.898, 0.8740000000000002, 0.8520000000000003, 0.834666666666667, 0.8213333333333335, 0.7926666666666665, 0.772, 0.7286666666666667, 0.7020000000000002, 0.6739999999999999, 0.6446666666666666, 0.6113333333333334, 0.5933333333333334, 0.56, 0.5239999999999999, 0.48666666666666675, 0.4553333333333333, 0.432, 0.4186666666666667, 0.392, 0.3773333333333334, 0.36533333333333334, 0.356, 0.34, 0.324, 0.306, 0.2966666666666667, 0.29000000000000004, 0.2766666666666666, 0.2593333333333333, 0.24266666666666667, 0.2333333333333333, 0.22466666666666665, 0.21799999999999994, 0.20866666666666664, 0.19999999999999998, 0.19266666666666665, 0.18066666666666667, 0.17466666666666666, 0.16266666666666665, 0.15533333333333338, 0.14800000000000002, 0.14333333333333337, 0.13800000000000004, 0.13400000000000004, 0.12866666666666673, 0.11933333333333339, 0.11066666666666672, 0.10600000000000005, 0.10200000000000005, 0.0966666666666667, 0.09200000000000004, 0.08466666666666668, 0.0786666666666667, 0.0766666666666667, 0.07333333333333338, 0.07133333333333337, 0.0686666666666667, 0.06200000000000003, 0.06066666666666669, 0.05600000000000002, 0.05466666666666668, 0.05466666666666668, 0.05333333333333335, 0.05133333333333336, 0.04933333333333336, 0.04600000000000003, 0.04533333333333336, 0.044000000000000025, 0.04266666666666669, 0.041333333333333354, 0.040000000000000015, 0.039333333333333345, 0.038666666666666676, 0.03733333333333334, 0.03533333333333334, 0.03400000000000001, 0.032666666666666684, 0.032666666666666684, 0.03333333333333335, 0.032666666666666684, 0.03200000000000001, 0.03200000000000001, 0.03133333333333334]

listfEveGenProportion_belongToLocalSearchedIndNeighbor_exceptCurrLocalSearchedInd_AllRunsAve:
[0.0, 0.0, 0.0, 0.0, 0.0, 0.0, 0.0, 0.0, 0.0, 0.0, 0.0, 0.0, 0.0, 0.0, 0.0, 0.0, 0.0, 0.0, 0.0, 0.0, 0.0, 0.0, 0.0, 0.0, 0.0, 0.0, 0.0, 0.0, 0.0, 0.0, 0.0, 0.0, 0.0, 0.0, 0.0, 0.0, 0.0, 0.0, 0.0, 0.0, 0.0, 0.0, 0.0, 0.0, 0.0, 0.0, 0.0, 0.0, 0.0, 0.0, 0.0, 0.0, 0.0, 0.0, 0.0, 0.0, 0.0, 0.0, 0.0, 0.0, 0.0, 0.0, 0.0, 0.0, 0.0, 0.0, 0.0, 0.0, 0.0, 0.0, 0.0, 0.0, 0.0, 0.0, 0.0, 0.0, 0.0, 0.0, 0.0, 0.0, 0.0, 0.0, 0.0, 0.0, 0.0, 0.0, 0.0, 0.0, 0.0, 0.0, 0.0, 0.0, 0.0, 0.0, 0.0, 0.0, 0.0, 0.0, 0.0, 0.0, 0.0]

listiAveDiversityMetric2EveGen:
[7.504348654727197, 8.975991114813272, 8.572017748160487, 7.8080222129668195, 7.073738742190754, 6.264228393724836, 5.671210329029572, 5.044864550881578, 4.6302834263501325, 4.153816265444954, 3.8565187172011663, 3.5296621963070947, 3.285303123698459, 3.126805697625989, 3.0201094432875184, 2.900364759128141, 2.8516029432181034, 2.769966736082188, 2.7318499958350686, 2.645108982368458, 2.6436538553380533, 2.6224713924753575, 2.6634230403998336, 2.6391477328890742, 2.612062751631264, 2.5889410079133692, 2.567931273080661, 2.605791231431348, 2.5895894488407607, 2.5670350242954325, 2.527138669998612, 2.5157920199916703, 2.4097317673191725, 2.3806574816048864, 2.408906066916562, 2.4487444009440513, 2.4249591114813267, 2.384598506177981, 2.3652053422185206, 2.3693240705261696, 2.3012662945994724, 2.2625243926141883, 2.250500691378592, 2.2671365153408303, 2.2409427183118145, 2.267135982229626, 2.2825363209773704, 2.264166641677079, 2.294291689573789, 2.288159844509232, 2.3254600360960707, 2.320002576704151, 2.353940347077606, 2.3724178925447728, 2.3684583867832845, 2.355168279883382, 2.2166239622379558, 2.178759294738304, 2.1915587616270997, 2.204934521727058, 2.2735242537831457, 2.2976769457170625, 2.2986659558517286, 2.2645219602943225, 2.2414912008885186, 2.2345353436068303, 2.158055921143968, 2.0432095515757327, 1.8940605858669997, 1.8307844620297102, 1.7302810051367483, 1.6155482771067609, 1.4504805220047203, 1.4240362515618494, 1.4024603526308481, 1.3668258669998614, 1.3140611856171038, 1.2095154130223518, 1.2044886186311259, 1.2067698903234763, 1.174845680966264, 1.1709236706927668, 1.1631647702346242, 1.0972402387893931, 1.0630148549215606, 1.0306476301541025, 1.0315150020824657, 1.0153657309454394, 0.9716804664723031, 0.9612919950020823, 0.9389139414133, 0.8894581035679577, 0.8412480577537137, 0.7626782174094127, 0.7536904067749547, 0.7780567874496737, 0.7815849173955296, 0.7826384339858392, 0.776257270581702, 0.7377865444953492, 0.7024579758433984]

listiAveFitEvaNumByThisGen:
[50, 140, 230, 319, 409, 499, 588, 677, 767, 857, 947, 1038, 1128, 1217, 1308, 1397, 1486, 1576, 1666, 1756, 1846, 1935, 2025, 2115, 2207, 2296, 2387, 2476, 2565, 2655, 2745, 2835, 2925, 3016, 3107, 3198, 3288, 3378, 3468, 3558, 3645, 3735, 3824, 3913, 4002, 4093, 4182, 4272, 4361, 4451, 4541, 4632, 4722, 4814, 4902, 4993, 5081, 5171, 5261, 5351, 5442, 5533, 5623, 5712, 5801, 5891, 5980, 6070, 6161, 6251, 6341, 6430, 6521, 6610, 6700, 6791, 6881, 6970, 7060, 7150, 7240, 7329, 7418, 7509, 7599, 7689, 7779, 7870, 7961, 8050, 8140, 8231, 8322, 8412, 8500, 8589, 8679, 8770, 8861, 8950, 9042]
------------------------new instance-----------------------------
listiEveGenLocalSearchedIndNum_AllRunsEve:
[0.0, 0.0, 0.0, 0.0, 0.0, 0.0, 0.0, 0.0, 0.0, 0.0, 0.0, 0.0, 0.0, 0.0, 0.0, 0.0, 0.0, 0.0, 0.0, 0.0, 0.0, 0.0, 0.0, 0.0, 0.0, 0.0, 0.0, 0.0, 0.0, 0.0, 0.0, 0.0, 0.0, 0.0, 0.0, 0.0, 0.0, 0.0, 0.0, 0.0, 0.0, 0.0, 0.0, 0.0, 0.0, 0.0, 0.0, 0.0, 0.0, 0.0, 0.0, 0.0, 0.0, 0.0, 0.0, 0.0, 0.0, 0.0, 0.0, 0.0, 0.0, 0.0, 0.0, 0.0, 0.0, 0.0, 0.0, 0.0, 0.0, 0.0, 0.0, 0.0, 0.0, 0.0, 0.0, 0.0, 0.0, 0.0, 0.0, 0.0, 0.0, 0.0, 0.0, 0.0, 0.0, 0.0, 0.0, 0.0, 0.0, 0.0, 0.0, 0.0, 0.0, 0.0, 0.0, 0.0, 0.0, 0.0, 0.0, 0.0, 0.0]

listfEveGenBestIndFitness_AllRunsAve:
[0.0954296053646251, 0.10695373126691562, 0.1201582474107882, 0.13488412054127086, 0.14344293114387413, 0.15284875672824366, 0.16179052622906415, 0.17019771595288175, 0.17855872263354514, 0.1856717881511191, 0.18773912716557523, 0.1926440982274993, 0.19739567724954057, 0.20395389014179688, 0.2056078129064435, 0.20893556377607672, 0.20902972542666493, 0.21071544864403777, 0.21233799195993758, 0.21334621808465878, 0.21525661193570444, 0.21566488555782573, 0.21686610408585313, 0.21768777378242132, 0.21816185564992538, 0.2187999056716992, 0.21909837925636666, 0.21920771180046342, 0.21981230697800547, 0.2198406528239739, 0.2199254619253087, 0.2201121012831111, 0.2202959002124184, 0.220550030568092, 0.22069631419934155, 0.22078477633363303, 0.22078477633363303, 0.22078477633363303, 0.22090500891027917, 0.2211385896894765, 0.2211385896894765, 0.22130820789214614, 0.22130820789214614, 0.2213683241804692, 0.22145313328180405, 0.22156877627572022, 0.22156877627572022, 0.22156877627572022, 0.2216265977726783, 0.2216265977726783, 0.2216265977726783, 0.2216265977726783, 0.22168441926963642, 0.22168441926963642, 0.2217422407665945, 0.2217422407665945, 0.2217422407665945, 0.2217422407665945, 0.2217422407665945, 0.2217422407665945, 0.2217422407665945, 0.2217422407665945, 0.2217422407665945, 0.2217422407665945, 0.2217422407665945, 0.2217422407665945, 0.2217422407665945, 0.2217422407665945, 0.2217422407665945, 0.2217422407665945, 0.2217422407665945, 0.2217422407665945, 0.22180006226355256, 0.22180006226355256, 0.22180006226355256, 0.22180006226355256, 0.22180006226355256, 0.22180006226355256, 0.22180006226355256, 0.22180006226355256, 0.22180006226355256, 0.22185788376051066, 0.22185788376051066, 0.22185788376051066, 0.22185788376051066, 0.22185788376051066, 0.22185788376051066, 0.22185788376051066, 0.22185788376051066, 0.22185788376051066, 0.22185788376051066, 0.22185788376051066, 0.22185788376051066, 0.22185788376051066, 0.22185788376051066, 0.22185788376051066, 0.22185788376051066, 0.22185788376051066, 0.22185788376051066, 0.22185788376051066, 0.22185788376051066]

listEveGenDiversityMetric1_AllRunsAve:
[1.0, 0.9960000000000001, 0.9946666666666668, 0.9953333333333334, 0.9926666666666668, 0.9900000000000001, 0.9893333333333334, 0.9780000000000002, 0.9733333333333337, 0.9773333333333337, 0.972666666666667, 0.9573333333333337, 0.9493333333333335, 0.9413333333333337, 0.9293333333333333, 0.9206666666666669, 0.9120000000000003, 0.9146666666666668, 0.9053333333333333, 0.8813333333333335, 0.8593333333333335, 0.8340000000000001, 0.8053333333333333, 0.7726666666666665, 0.7293333333333333, 0.7166666666666666, 0.6920000000000002, 0.66, 0.6386666666666666, 0.5886666666666667, 0.5586666666666666, 0.5320000000000001, 0.492, 0.4706666666666666, 0.44600000000000006, 0.4193333333333334, 0.386, 0.3546666666666667, 0.3293333333333334, 0.31133333333333335, 0.28933333333333333, 0.276, 0.256, 0.24066666666666667, 0.22666666666666666, 0.20999999999999996, 0.20400000000000001, 0.19600000000000004, 0.18800000000000006, 0.1813333333333334, 0.16533333333333342, 0.15733333333333338, 0.1533333333333334, 0.1473333333333334, 0.1393333333333334, 0.13000000000000003, 0.12200000000000004, 0.11866666666666671, 0.11533333333333337, 0.1106666666666667, 0.10200000000000004, 0.0986666666666667, 0.0966666666666667, 0.0926666666666667, 0.09000000000000004, 0.08333333333333336, 0.08066666666666668, 0.07666666666666669, 0.07266666666666668, 0.06733333333333334, 0.06400000000000003, 0.06266666666666669, 0.059333333333333356, 0.05533333333333336, 0.053333333333333365, 0.05200000000000003, 0.05133333333333336, 0.05000000000000003, 0.04933333333333336, 0.0466666666666667, 0.04800000000000003, 0.04600000000000003, 0.044000000000000025, 0.042000000000000016, 0.04133333333333335, 0.040000000000000015, 0.03666666666666669, 0.034666666666666686, 0.034000000000000016, 0.03333333333333335, 0.032000000000000015, 0.03066666666666668, 0.028666666666666677, 0.028666666666666677, 0.028666666666666677, 0.028666666666666677, 0.028666666666666677, 0.028666666666666677, 0.028666666666666677, 0.028666666666666677, 0.02800000000000001]

listfEveGenProportion_belongToLocalSearchedIndNeighbor_exceptCurrLocalSearchedInd_AllRunsAve:
[0.0, 0.0, 0.0, 0.0, 0.0, 0.0, 0.0, 0.0, 0.0, 0.0, 0.0, 0.0, 0.0, 0.0, 0.0, 0.0, 0.0, 0.0, 0.0, 0.0, 0.0, 0.0, 0.0, 0.0, 0.0, 0.0, 0.0, 0.0, 0.0, 0.0, 0.0, 0.0, 0.0, 0.0, 0.0, 0.0, 0.0, 0.0, 0.0, 0.0, 0.0, 0.0, 0.0, 0.0, 0.0, 0.0, 0.0, 0.0, 0.0, 0.0, 0.0, 0.0, 0.0, 0.0, 0.0, 0.0, 0.0, 0.0, 0.0, 0.0, 0.0, 0.0, 0.0, 0.0, 0.0, 0.0, 0.0, 0.0, 0.0, 0.0, 0.0, 0.0, 0.0, 0.0, 0.0, 0.0, 0.0, 0.0, 0.0, 0.0, 0.0, 0.0, 0.0, 0.0, 0.0, 0.0, 0.0, 0.0, 0.0, 0.0, 0.0, 0.0, 0.0, 0.0, 0.0, 0.0, 0.0, 0.0, 0.0, 0.0, 0.0]

listiAveDiversityMetric2EveGen:
[7.504348654727197, 9.090338847702348, 8.676046402887687, 8.121833413855336, 7.104566252950159, 6.327322104678606, 5.661322804387063, 5.223717762043592, 4.722173494377343, 4.2785054671664575, 3.921334377342774, 3.745799605719839, 3.5763481660419267, 3.3781689629321123, 3.266700119394697, 3.1122629571012075, 3.0707353713730394, 2.9979042954324577, 2.8777779036512565, 2.8316101180063864, 2.72475055393586, 2.645072997362209, 2.65939778425656, 2.6592922282382347, 2.586160832986256, 2.529247480216576, 2.4403297737054004, 2.3906260391503538, 2.30397911981119, 2.2407430681660414, 2.1846000610856584, 2.1789903984450922, 2.1205925975288076, 2.061694827155352, 2.013498553380536, 1.9698492739136477, 1.9453398417326118, 1.9249940969040682, 1.8993691295293629, 1.8727383590170763, 1.8518287602387893, 1.8013810689990284, 1.7756261113424965, 1.7441714841038451, 1.7145169956962376, 1.6706516284881303, 1.6623637040122177, 1.6730889240594196, 1.6614211634041367, 1.6675960127724563, 1.623822340691379, 1.584595129807025, 1.5923976565320006, 1.6017394530056916, 1.576906688879634, 1.5154408329862552, 1.4931775760099957, 1.4850533166736084, 1.4996353297237264, 1.5078881577120646, 1.4816748132722475, 1.4448099069832014, 1.4230901568790784, 1.3909399083715117, 1.3613313563792862, 1.3101516146050256, 1.269798739414133, 1.2235575621268917, 1.1721606663890047, 1.0918227627377481, 1.068012417048452, 1.0302467305289467, 1.021328490906567, 0.9773220269332226, 0.9614704095515758, 0.9076738914341245, 0.8877988837984172, 0.8598519505761489, 0.8458364570317924, 0.8411917256698597, 0.8195586949881994, 0.7907874829931972, 0.7725479716784673, 0.6741087213660977, 0.6545974732750242, 0.6207615271414688, 0.5960634624462031, 0.5522694432875191, 0.5424182590587255, 0.5289253033458281, 0.4880317645425517, 0.46577223934471745, 0.4328496015549076, 0.43170305705955847, 0.42486723865056225, 0.42539839511314725, 0.4195564736915174, 0.4076377953630432, 0.38052740247119254, 0.34608495349160073, 0.3199527308066084]

listiAveFitEvaNumByThisGen:
[50, 140, 230, 319, 409, 499, 588, 677, 767, 857, 947, 1038, 1128, 1217, 1308, 1397, 1486, 1576, 1666, 1756, 1846, 1935, 2025, 2115, 2207, 2296, 2387, 2476, 2565, 2655, 2745, 2835, 2925, 3016, 3107, 3198, 3288, 3378, 3468, 3558, 3645, 3735, 3824, 3913, 4002, 4093, 4182, 4272, 4361, 4451, 4541, 4632, 4722, 4814, 4902, 4993, 5081, 5171, 5261, 5351, 5442, 5533, 5623, 5712, 5801, 5891, 5980, 6070, 6161, 6251, 6341, 6430, 6521, 6610, 6700, 6791, 6881, 6970, 7060, 7150, 7240, 7329, 7418, 7509, 7599, 7689, 7779, 7870, 7961, 8050, 8140, 8231, 8322, 8412, 8500, 8589, 8679, 8770, 8861, 8950, 9042]
------------------------new instance-----------------------------
listiEveGenLocalSearchedIndNum_AllRunsEve:
[0.0, 0.0, 0.0, 0.0, 0.0, 0.0, 0.0, 0.0, 0.0, 0.0, 0.0, 0.0, 0.0, 0.0, 0.0, 0.0, 0.0, 0.0, 0.0, 0.0, 0.0, 0.0, 0.0, 0.0, 0.0, 0.0, 0.0, 0.0, 0.0, 0.0, 0.0, 0.0, 0.0, 0.0, 0.0, 0.0, 0.0, 0.0, 0.0, 0.0, 0.0, 0.0, 0.0, 0.0, 0.0, 0.0, 0.0, 0.0, 0.0, 0.0, 0.0, 0.0, 0.0, 0.0, 0.0, 0.0, 0.0, 0.0, 0.0, 0.0, 0.0, 0.0, 0.0, 0.0, 0.0, 0.0, 0.0, 0.0, 0.0, 0.0, 0.0, 0.0, 0.0, 0.0, 0.0, 0.0, 0.0, 0.0, 0.0, 0.0, 0.0, 0.0, 0.0, 0.0, 0.0, 0.0, 0.0, 0.0, 0.0, 0.0, 0.0, 0.0, 0.0, 0.0, 0.0, 0.0, 0.0, 0.0, 0.0, 0.0, 0.0]

listfEveGenBestIndFitness_AllRunsAve:
[0.09459911985073083, 0.10395431035528142, 0.11293049838756081, 0.12368421735087078, 0.13282544602211352, 0.14109718672430566, 0.14843213277384582, 0.15219563570970115, 0.1591110940102971, 0.16524869688308516, 0.16910806531464181, 0.17400126353339396, 0.17708582567292294, 0.1795543348778247, 0.1813269151053414, 0.1843690107319862, 0.18695132363355, 0.18827481264584442, 0.19039857590868023, 0.1917692681873773, 0.19222683943226204, 0.1935267734695077, 0.19416529265794044, 0.19510234440524743, 0.19634018560953048, 0.19634018560953048, 0.19643986053826185, 0.19693444879096442, 0.1970148242127019, 0.1971962737678858, 0.19755261683246522, 0.19755261683246522, 0.1976860482713759, 0.1977398644890977, 0.19780873023487774, 0.1978272730684476, 0.1980087226236316, 0.19820130191686777, 0.1983009768455991, 0.1983009768455991, 0.1983009768455991, 0.1983009768455991, 0.1983604069923953, 0.19844909589162882, 0.19844909589162882, 0.19867834703281992, 0.19867834703281992, 0.19867834703281992, 0.19867834703281992, 0.19867834703281992, 0.19894441373052038, 0.19894441373052038, 0.19894441373052038, 0.19894441373052038, 0.19894441373052038, 0.19903310262975385, 0.19903310262975385, 0.1990440886592517, 0.1990440886592517, 0.1990440886592517, 0.1990440886592517, 0.1990440886592517, 0.19913277755848516, 0.19913277755848516, 0.19913277755848516, 0.19913277755848516, 0.19913277755848516, 0.19913277755848516, 0.19913277755848516, 0.19913277755848516, 0.19922146645771863, 0.19922146645771863, 0.19922146645771863, 0.19922146645771863, 0.19922146645771863, 0.19922146645771863, 0.19922146645771863, 0.19922146645771863, 0.19922146645771863, 0.19922146645771863, 0.19922146645771863, 0.19922146645771863, 0.19922146645771863, 0.19922146645771863, 0.19922146645771863, 0.19922146645771863, 0.19922146645771863, 0.19922146645771863, 0.19922146645771863, 0.19922146645771863, 0.19922146645771863, 0.19922146645771863, 0.19922146645771863, 0.19922146645771863, 0.19922146645771863, 0.19922146645771863, 0.19922146645771863, 0.19922146645771863, 0.19922146645771863, 0.19922146645771863, 0.19922146645771863]

listEveGenDiversityMetric1_AllRunsAve:
[1.0, 0.9966666666666667, 0.9953333333333334, 0.9953333333333334, 0.9913333333333335, 0.9880000000000001, 0.9866666666666668, 0.9833333333333336, 0.9773333333333337, 0.9800000000000003, 0.9780000000000003, 0.9700000000000003, 0.9673333333333336, 0.9566666666666669, 0.9413333333333337, 0.9293333333333333, 0.9293333333333336, 0.9220000000000003, 0.914, 0.902, 0.8866666666666669, 0.8720000000000001, 0.8526666666666668, 0.8266666666666667, 0.8026666666666666, 0.7826666666666667, 0.7633333333333334, 0.7420000000000002, 0.7153333333333335, 0.7046666666666666, 0.6786666666666664, 0.6533333333333334, 0.6273333333333334, 0.6020000000000001, 0.5846666666666667, 0.554, 0.5346666666666666, 0.516, 0.4893333333333334, 0.4653333333333334, 0.4406666666666668, 0.4126666666666667, 0.3873333333333333, 0.366, 0.3493333333333334, 0.32199999999999995, 0.29733333333333334, 0.27866666666666673, 0.25533333333333336, 0.24000000000000002, 0.2266666666666667, 0.20800000000000005, 0.19733333333333333, 0.1826666666666667, 0.17333333333333337, 0.16200000000000003, 0.1466666666666667, 0.13866666666666674, 0.13000000000000006, 0.12466666666666672, 0.11533333333333337, 0.1066666666666667, 0.10066666666666671, 0.09400000000000004, 0.08666666666666671, 0.08266666666666671, 0.08000000000000004, 0.0746666666666667, 0.07266666666666668, 0.07000000000000003, 0.06800000000000003, 0.06466666666666669, 0.06066666666666668, 0.05800000000000003, 0.05400000000000001, 0.053333333333333344, 0.052666666666666674, 0.04733333333333335, 0.04600000000000002, 0.04533333333333335, 0.04466666666666668, 0.04400000000000002, 0.04266666666666668, 0.04000000000000002, 0.03933333333333335, 0.03800000000000002, 0.03600000000000001, 0.03533333333333334, 0.03466666666666667, 0.03466666666666667, 0.03466666666666667, 0.03200000000000001, 0.031333333333333345, 0.031333333333333345, 0.031333333333333345, 0.031333333333333345, 0.031333333333333345, 0.031333333333333345, 0.030000000000000013, 0.02866666666666668, 0.028000000000000014]

listfEveGenProportion_belongToLocalSearchedIndNeighbor_exceptCurrLocalSearchedInd_AllRunsAve:
[0.0, 0.0, 0.0, 0.0, 0.0, 0.0, 0.0, 0.0, 0.0, 0.0, 0.0, 0.0, 0.0, 0.0, 0.0, 0.0, 0.0, 0.0, 0.0, 0.0, 0.0, 0.0, 0.0, 0.0, 0.0, 0.0, 0.0, 0.0, 0.0, 0.0, 0.0, 0.0, 0.0, 0.0, 0.0, 0.0, 0.0, 0.0, 0.0, 0.0, 0.0, 0.0, 0.0, 0.0, 0.0, 0.0, 0.0, 0.0, 0.0, 0.0, 0.0, 0.0, 0.0, 0.0, 0.0, 0.0, 0.0, 0.0, 0.0, 0.0, 0.0, 0.0, 0.0, 0.0, 0.0, 0.0, 0.0, 0.0, 0.0, 0.0, 0.0, 0.0, 0.0, 0.0, 0.0, 0.0, 0.0, 0.0, 0.0, 0.0, 0.0, 0.0, 0.0, 0.0, 0.0, 0.0, 0.0, 0.0, 0.0, 0.0, 0.0, 0.0, 0.0, 0.0, 0.0, 0.0, 0.0, 0.0, 0.0, 0.0, 0.0]

listiAveDiversityMetric2EveGen:
[7.504348654727197, 8.98374823823407, 8.734696898514509, 8.006260147160905, 7.081266538942107, 6.514601938081353, 5.814872069970846, 5.334964475912813, 4.9107628266000285, 4.593149121199501, 4.35307404137165, 4.214439539080939, 4.007778003609607, 3.895017076218242, 3.7921661529918094, 3.7191242315701794, 3.563286053033458, 3.4828202915451896, 3.4052083631820076, 3.405095254754964, 3.3654976204359297, 3.2497621990837144, 3.2036246230737193, 3.1628200249895877, 3.1066285047896707, 2.999225522698876, 2.962947305289462, 2.9119264306538946, 2.896131856171039, 2.852189365542134, 2.799720827433014, 2.7552090628904633, 2.6756193808135498, 2.577718661668749, 2.5313911203665134, 2.5101751603498546, 2.4337112869637645, 2.375653344439817, 2.3461795807302512, 2.2562606913785923, 2.235071120366514, 2.1831792308760236, 2.139906150215188, 2.082823623490212, 2.0468160488685267, 1.9391305178397888, 1.9182059030959324, 1.857135882271276, 1.7971756212689154, 1.7803214882687766, 1.7262189643204218, 1.6709595890601137, 1.6307407024850755, 1.5494817603776205, 1.5432936720810775, 1.506580347077607, 1.3879327169235043, 1.3370315257531584, 1.29235973899764, 1.2382961321671528, 1.1872060419269748, 1.1644348188254896, 1.1441942746078027, 1.103235696237679, 1.050519527974455, 1.0171311286963767, 1.0225790809384978, 1.044038850478967, 1.0339938803276414, 1.0196135610162433, 0.9882429876440372, 0.9576349409968068, 0.9396044092739139, 0.8808932278217411, 0.8468418159100376, 0.8057994502290712, 0.7819102040816327, 0.7134845814244066, 0.6967613272247675, 0.6741538581146744, 0.6458540052755796, 0.6168164153824793, 0.5759113258364571, 0.5470038150770513, 0.5295997778703317, 0.5189156962376787, 0.49490578925447737, 0.4643665139525198, 0.43043407469110095, 0.42090577814799396, 0.3859463001527141, 0.3389640094405109, 0.31970687768985145, 0.31090325697625987, 0.3072510898236846, 0.30127384700819104, 0.294699341940858, 0.2814462862696099, 0.23791358045258923, 0.221895898931001, 0.2229109426627794]

listiAveFitEvaNumByThisGen:
[50, 140, 230, 319, 409, 499, 588, 677, 767, 857, 947, 1038, 1128, 1217, 1308, 1397, 1486, 1576, 1666, 1756, 1846, 1935, 2025, 2115, 2207, 2296, 2387, 2476, 2565, 2655, 2745, 2835, 2925, 3016, 3107, 3198, 3288, 3378, 3468, 3558, 3645, 3735, 3824, 3913, 4002, 4093, 4182, 4272, 4361, 4451, 4541, 4632, 4722, 4814, 4902, 4993, 5081, 5171, 5261, 5351, 5442, 5533, 5623, 5712, 5801, 5891, 5980, 6070, 6161, 6251, 6341, 6430, 6521, 6610, 6700, 6791, 6881, 6970, 7060, 7150, 7240, 7329, 7418, 7509, 7599, 7689, 7779, 7870, 7961, 8050, 8140, 8231, 8322, 8412, 8500, 8589, 8679, 8770, 8861, 8950, 9042]
------------------------new instance-----------------------------
listiEveGenLocalSearchedIndNum_AllRunsEve:
[0.0, 0.0, 0.0, 0.0, 0.0, 0.0, 0.0, 0.0, 0.0, 0.0, 0.0, 0.0, 0.0, 0.0, 0.0, 0.0, 0.0, 0.0, 0.0, 0.0, 0.0, 0.0, 0.0, 0.0, 0.0, 0.0, 0.0, 0.0, 0.0, 0.0, 0.0, 0.0, 0.0, 0.0, 0.0, 0.0, 0.0, 0.0, 0.0, 0.0, 0.0, 0.0, 0.0, 0.0, 0.0, 0.0, 0.0, 0.0, 0.0, 0.0, 0.0, 0.0, 0.0, 0.0, 0.0, 0.0, 0.0, 0.0, 0.0, 0.0, 0.0, 0.0, 0.0, 0.0, 0.0, 0.0, 0.0, 0.0, 0.0, 0.0, 0.0, 0.0, 0.0, 0.0, 0.0, 0.0, 0.0, 0.0, 0.0, 0.0, 0.0, 0.0, 0.0, 0.0, 0.0, 0.0, 0.0, 0.0, 0.0, 0.0, 0.0, 0.0, 0.0, 0.0, 0.0, 0.0, 0.0, 0.0, 0.0, 0.0, 0.0]

listfEveGenBestIndFitness_AllRunsAve:
[0.09902671145422087, 0.11286725030557027, 0.12659627351474995, 0.13954199416846758, 0.15032635810261222, 0.16185367244419074, 0.17048092118608635, 0.18313847465925273, 0.18735340976544665, 0.19456100520823125, 0.2006356190253667, 0.20608256469366146, 0.21180326910333416, 0.2166134129078186, 0.22020110241287527, 0.22205778988942362, 0.22565916677595793, 0.22809897747487926, 0.22971233467342073, 0.23455973365773428, 0.23726299396704922, 0.23846420810026375, 0.2400174127527876, 0.24033634622716218, 0.24218465609675033, 0.243284962689997, 0.2441930840769125, 0.24628055343397373, 0.24800879393216654, 0.24919497832386975, 0.24964391817273815, 0.250204862154397, 0.2517824939804408, 0.2517824939804408, 0.2523848521558378, 0.2523848521558378, 0.2523848521558378, 0.2540586450016217, 0.25460098046979385, 0.255143315937966, 0.255143315937966, 0.25594561142731026, 0.25677428199128094, 0.25677428199128094, 0.25677428199128094, 0.25677428199128094, 0.25677428199128094, 0.256868407140281, 0.256962532289281, 0.256962532289281, 0.256962532289281, 0.256962532289281, 0.25705665743828104, 0.25705665743828104, 0.25705665743828104, 0.2571507825872811, 0.2571507825872811, 0.2571507825872811, 0.25724490773628106, 0.25724490773628106, 0.25724490773628106, 0.25724490773628106, 0.25724490773628106, 0.2573390328852811, 0.2573390328852811, 0.2573390328852811, 0.2573390328852811, 0.2573390328852811, 0.2573390328852811, 0.2573390328852811, 0.2573390328852811, 0.2573390328852811, 0.2573390328852811, 0.2573390328852811, 0.2573390328852811, 0.2573390328852811, 0.2573390328852811, 0.2573390328852811, 0.25743315803428113, 0.25743315803428113, 0.25743315803428113, 0.25743315803428113, 0.25743315803428113, 0.25743315803428113, 0.25743315803428113, 0.25743315803428113, 0.25743315803428113, 0.25743315803428113, 0.25743315803428113, 0.25743315803428113, 0.25743315803428113, 0.25743315803428113, 0.25743315803428113, 0.25752728318328116, 0.25752728318328116, 0.25752728318328116, 0.25752728318328116, 0.25752728318328116, 0.25752728318328116, 0.25752728318328116, 0.25752728318328116]

listEveGenDiversityMetric1_AllRunsAve:
[1.0, 0.9973333333333334, 0.9986666666666667, 0.9960000000000001, 0.994, 0.9906666666666667, 0.9880000000000001, 0.9800000000000002, 0.9760000000000004, 0.9753333333333336, 0.968666666666667, 0.968666666666667, 0.9566666666666671, 0.9520000000000004, 0.9333333333333333, 0.922, 0.9060000000000002, 0.8980000000000001, 0.8800000000000004, 0.8573333333333333, 0.8379999999999999, 0.8213333333333334, 0.7973333333333333, 0.7740000000000001, 0.7499999999999999, 0.7293333333333333, 0.7113333333333335, 0.6806666666666668, 0.658, 0.6346666666666666, 0.6073333333333333, 0.5739999999999998, 0.5486666666666669, 0.5299999999999999, 0.5106666666666667, 0.48600000000000004, 0.46066666666666667, 0.4333333333333334, 0.418, 0.39599999999999996, 0.366, 0.35333333333333333, 0.33800000000000013, 0.32066666666666677, 0.30733333333333335, 0.28800000000000003, 0.2706666666666667, 0.25399999999999995, 0.23533333333333334, 0.22733333333333333, 0.21333333333333335, 0.20800000000000002, 0.1993333333333333, 0.18800000000000003, 0.1753333333333333, 0.15933333333333335, 0.15066666666666667, 0.146, 0.13866666666666666, 0.134, 0.12733333333333335, 0.1146666666666667, 0.10933333333333335, 0.10133333333333334, 0.0946666666666667, 0.09000000000000004, 0.08600000000000003, 0.08400000000000003, 0.08066666666666669, 0.07466666666666669, 0.07133333333333335, 0.06733333333333334, 0.06533333333333334, 0.060666666666666674, 0.056666666666666685, 0.05466666666666668, 0.05266666666666668, 0.05066666666666668, 0.0486666666666667, 0.04600000000000003, 0.04400000000000002, 0.04133333333333335, 0.040000000000000015, 0.038666666666666676, 0.03733333333333334, 0.03600000000000001, 0.03533333333333334, 0.034000000000000016, 0.034000000000000016, 0.03333333333333335, 0.03333333333333335, 0.031333333333333345, 0.03066666666666668, 0.031333333333333345, 0.030666666666666682, 0.028666666666666677, 0.02733333333333334, 0.02733333333333334, 0.02733333333333334, 0.02733333333333334, 0.02666666666666668]

listfEveGenProportion_belongToLocalSearchedIndNeighbor_exceptCurrLocalSearchedInd_AllRunsAve:
[0.0, 0.0, 0.0, 0.0, 0.0, 0.0, 0.0, 0.0, 0.0, 0.0, 0.0, 0.0, 0.0, 0.0, 0.0, 0.0, 0.0, 0.0, 0.0, 0.0, 0.0, 0.0, 0.0, 0.0, 0.0, 0.0, 0.0, 0.0, 0.0, 0.0, 0.0, 0.0, 0.0, 0.0, 0.0, 0.0, 0.0, 0.0, 0.0, 0.0, 0.0, 0.0, 0.0, 0.0, 0.0, 0.0, 0.0, 0.0, 0.0, 0.0, 0.0, 0.0, 0.0, 0.0, 0.0, 0.0, 0.0, 0.0, 0.0, 0.0, 0.0, 0.0, 0.0, 0.0, 0.0, 0.0, 0.0, 0.0, 0.0, 0.0, 0.0, 0.0, 0.0, 0.0, 0.0, 0.0, 0.0, 0.0, 0.0, 0.0, 0.0, 0.0, 0.0, 0.0, 0.0, 0.0, 0.0, 0.0, 0.0, 0.0, 0.0, 0.0, 0.0, 0.0, 0.0, 0.0, 0.0, 0.0, 0.0, 0.0, 0.0]

listiAveDiversityMetric2EveGen:
[7.504348654727197, 8.974395424128833, 8.902970517839789, 8.249609240594198, 7.238084664723031, 6.364376265444954, 5.5686424878522836, 4.948150537276135, 4.503352136609746, 4.086622929334999, 3.822631592392058, 3.5432482687768987, 3.4151491989448832, 3.2446001721504927, 3.1371261085658753, 3.0587538747743994, 2.9277172733583225, 2.885379180896849, 2.809038811606275, 2.759841710398445, 2.6852734916007233, 2.6512393169512714, 2.615100596973483, 2.5610812383729002, 2.5135810301263364, 2.4444303762321256, 2.4487940691378594, 2.408782296265445, 2.373353769262807, 2.3609140635846173, 2.2935750104123285, 2.3020809773705397, 2.294774777176177, 2.3080800777453843, 2.2540572539219768, 2.2576167485769827, 2.2374439983340277, 2.2459223323615167, 2.22558485075663, 2.184884298209079, 2.1767872275440783, 2.1393812133833126, 2.135795596279328, 2.0961762821046785, 2.0596112508676945, 1.991597989726503, 1.955085469943079, 1.9261959072608632, 1.9145694627238654, 1.926976293211162, 1.9545544023323618, 1.9564503234763295, 1.9128333860891298, 1.8365081216159929, 1.811752925170068, 1.7864080188810219, 1.7532490351242538, 1.7159481327224768, 1.6989276690267947, 1.6280839428016105, 1.5596591198111898, 1.4549967735665694, 1.4391162793280579, 1.4170213077884213, 1.4382405553241704, 1.436445392197695, 1.4386131112036653, 1.418785905872553, 1.403777936970706, 1.390731906150215, 1.3542814938220185, 1.3168061752047757, 1.2127830292933501, 1.056069482160211, 0.957622501735388, 0.8946136443148689, 0.8464020880188811, 0.7958182757184507, 0.781768485353325, 0.7564078522837706, 0.743036534777176, 0.6878280716368178, 0.6695462668332638, 0.649528296543107, 0.6176362515618493, 0.6162801055115924, 0.626234357906428, 0.6242888574205191, 0.585335843398584, 0.5635920144384284, 0.5349500819103152, 0.45521903651256423, 0.43827072053311117, 0.44032959600166593, 0.4294029487713453, 0.397032436484798, 0.3635775760099958, 0.35428224906289046, 0.3295949354435652, 0.24832959600166601, 0.20790803831736776]

listiAveFitEvaNumByThisGen:
[50, 140, 230, 319, 409, 499, 588, 677, 767, 857, 947, 1038, 1128, 1217, 1308, 1397, 1486, 1576, 1666, 1756, 1846, 1935, 2025, 2115, 2207, 2296, 2387, 2476, 2565, 2655, 2745, 2835, 2925, 3016, 3107, 3198, 3288, 3378, 3468, 3558, 3645, 3735, 3824, 3913, 4002, 4093, 4182, 4272, 4361, 4451, 4541, 4632, 4722, 4814, 4902, 4993, 5081, 5171, 5261, 5351, 5442, 5533, 5623, 5712, 5801, 5891, 5980, 6070, 6161, 6251, 6341, 6430, 6521, 6610, 6700, 6791, 6881, 6970, 7060, 7150, 7240, 7329, 7418, 7509, 7599, 7689, 7779, 7870, 7961, 8050, 8140, 8231, 8322, 8412, 8500, 8589, 8679, 8770, 8861, 8950, 9042]
------------------------new instance-----------------------------
