
Average best individual's fitness of every generation - ins 0:
[0.3041434511814415, 0.33565766981586076, 0.38457278415801716, 0.38457278415801716, 0.4049754988847464, 0.4049754988847464, 0.4049754988847464, 0.4059784047303753, 0.4059784047303753, 0.4059784047303753, 0.4059784047303753, 0.4059784047303753, 0.4059784047303753, 0.4059784047303753, 0.4059784047303753, 0.4059784047303753, 0.4059784047303753, 0.4059784047303753, 0.4059784047303753, 0.4059784047303753, 0.4059784047303753, 0.4059784047303753, 0.4059784047303753, 0.4059784047303753, 0.4059784047303753, 0.4059784047303753, 0.4059784047303753, 0.4059784047303753, 0.4059784047303753, 0.4059784047303753, 0.4059784047303753, 0.4059784047303753, 0.4059784047303753, 0.4059784047303753, 0.4059784047303753, 0.4059784047303753, 0.4059784047303753, 0.4059784047303753, 0.4059784047303753, 0.4059784047303753, 0.4059784047303753, 0.4059784047303753, 0.4059784047303753, 0.4059784047303753, 0.4059784047303753, 0.4059784047303753, 0.4059784047303753, 0.4059784047303753, 0.4059784047303753, 0.4059784047303753, 0.4059784047303753, 0.4059784047303753, 0.4059784047303753, 0.4059784047303753, 0.4059784047303753, 0.4059784047303753, 0.4059784047303753, 0.4059784047303753, 0.4059784047303753, 0.4059784047303753, 0.4059784047303753]
Average best individual's fitness of every generation - ins 1:
[0.263394062808694, 0.303420983092281, 0.3316703130539525, 0.3347315116078149, 0.3479438040170271, 0.3479438040170271, 0.3479438040170271, 0.3479438040170271, 0.3479438040170271, 0.3479438040170271, 0.3479438040170271, 0.3479438040170271, 0.3479438040170271, 0.3479438040170271, 0.3479438040170271, 0.3479438040170271, 0.3479438040170271, 0.3479438040170271, 0.3479438040170271, 0.3479438040170271, 0.3479438040170271, 0.3479438040170271, 0.3479438040170271, 0.3479438040170271, 0.3479438040170271, 0.3479438040170271, 0.3479438040170271, 0.3479438040170271, 0.3479438040170271, 0.3479438040170271, 0.3479438040170271, 0.3479438040170271, 0.3479438040170271, 0.3479438040170271, 0.3479438040170271, 0.3479438040170271, 0.3479438040170271, 0.3479438040170271, 0.3479438040170271, 0.3479438040170271, 0.3479438040170271, 0.3479438040170271, 0.3479438040170271, 0.3479438040170271, 0.3479438040170271, 0.3479438040170271, 0.3479438040170271, 0.3479438040170271, 0.3479438040170271, 0.3479438040170271, 0.3479438040170271, 0.3479438040170271, 0.3479438040170271, 0.3479438040170271, 0.3479438040170271, 0.3479438040170271, 0.3479438040170271, 0.3479438040170271, 0.3479438040170271, 0.3479438040170271, 0.3479438040170271]
Average best individual's fitness of every generation - ins 2:
[0.3450364500440656, 0.3450364500440656, 0.3692444022704419, 0.3811919506411233, 0.3811919506411233, 0.3811919506411233, 0.3811919506411233, 0.3811919506411233, 0.3811919506411233, 0.3811919506411233, 0.3811919506411233, 0.3811919506411233, 0.3811919506411233, 0.3811919506411233, 0.3811919506411233, 0.3811919506411233, 0.3811919506411233, 0.3811919506411233, 0.3811919506411233, 0.3811919506411233, 0.3811919506411233, 0.3811919506411233, 0.3811919506411233, 0.3811919506411233, 0.3811919506411233, 0.3811919506411233, 0.3811919506411233, 0.3811919506411233, 0.3811919506411233, 0.3811919506411233, 0.3811919506411233, 0.3811919506411233, 0.3811919506411233, 0.3811919506411233, 0.3811919506411233, 0.3811919506411233, 0.3811919506411233, 0.3811919506411233, 0.3811919506411233, 0.3811919506411233, 0.3811919506411233, 0.3811919506411233, 0.3811919506411233, 0.3811919506411233, 0.3811919506411233, 0.3811919506411233, 0.3811919506411233, 0.3811919506411233, 0.3811919506411233, 0.3811919506411233, 0.3811919506411233, 0.3811919506411233, 0.3811919506411233, 0.3811919506411233, 0.3811919506411233, 0.3811919506411233, 0.3811919506411233, 0.3811919506411233, 0.3811919506411233, 0.3811919506411233, 0.3811919506411233]
Average best individual's fitness of every generation - ins 3:
[0.32205821219512193, 0.3905352257598094, 0.4303078236284831, 0.4303078236284831, 0.4303078236284831, 0.4303078236284831, 0.4303078236284831, 0.4303078236284831, 0.4303078236284831, 0.4303078236284831, 0.4303078236284831, 0.4303078236284831, 0.4303078236284831, 0.4303078236284831, 0.4303078236284831, 0.4303078236284831, 0.4303078236284831, 0.4303078236284831, 0.4303078236284831, 0.4303078236284831, 0.4303078236284831, 0.4303078236284831, 0.4303078236284831, 0.4303078236284831, 0.4303078236284831, 0.4303078236284831, 0.4303078236284831, 0.4303078236284831, 0.4303078236284831, 0.4303078236284831, 0.4303078236284831, 0.4303078236284831, 0.4303078236284831, 0.4303078236284831, 0.4303078236284831, 0.4303078236284831, 0.4303078236284831, 0.4303078236284831, 0.4303078236284831, 0.4303078236284831, 0.4303078236284831, 0.4303078236284831, 0.4303078236284831, 0.4303078236284831, 0.4303078236284831, 0.4303078236284831, 0.4303078236284831, 0.4303078236284831, 0.4303078236284831, 0.4303078236284831, 0.4303078236284831, 0.4303078236284831, 0.4303078236284831, 0.4303078236284831, 0.4303078236284831, 0.4303078236284831, 0.4303078236284831, 0.4303078236284831, 0.4303078236284831, 0.4303078236284831, 0.4303078236284831]
Average best individual's fitness of every generation - ins 4:
[0.29242412240087606, 0.29242412240087606, 0.29242412240087606, 0.34271580236560906, 0.34271580236560906, 0.34271580236560906, 0.34271580236560906, 0.34271580236560906, 0.34271580236560906, 0.34271580236560906, 0.34271580236560906, 0.34271580236560906, 0.34271580236560906, 0.34271580236560906, 0.34271580236560906, 0.34271580236560906, 0.34271580236560906, 0.34271580236560906, 0.34271580236560906, 0.34271580236560906, 0.34271580236560906, 0.34271580236560906, 0.34271580236560906, 0.34271580236560906, 0.34271580236560906, 0.34271580236560906, 0.34271580236560906, 0.34271580236560906, 0.34271580236560906, 0.34271580236560906, 0.34271580236560906, 0.34271580236560906, 0.34271580236560906, 0.34271580236560906, 0.34271580236560906, 0.34271580236560906, 0.34271580236560906, 0.34271580236560906, 0.34271580236560906, 0.34271580236560906, 0.34271580236560906, 0.34271580236560906, 0.34271580236560906, 0.34271580236560906, 0.34271580236560906, 0.34271580236560906, 0.34271580236560906, 0.34271580236560906, 0.34271580236560906, 0.34271580236560906, 0.34271580236560906, 0.34271580236560906, 0.34271580236560906, 0.34271580236560906, 0.34271580236560906, 0.34271580236560906, 0.34271580236560906, 0.34271580236560906, 0.34271580236560906, 0.34271580236560906, 0.34271580236560906]
Average best individual's fitness of every generation - ins 5:
[0.29239462249164305, 0.29239462249164305, 0.29239462249164305, 0.3021273334645988, 0.3021273334645988, 0.3021273334645988, 0.3021273334645988, 0.3021273334645988, 0.3163173384913076, 0.3163173384913076, 0.3163173384913076, 0.3163173384913076, 0.3163173384913076, 0.3163173384913076, 0.3163173384913076, 0.3163173384913076, 0.3163173384913076, 0.3163173384913076, 0.3163173384913076, 0.3163173384913076, 0.3163173384913076, 0.3163173384913076, 0.3163173384913076, 0.3163173384913076, 0.3163173384913076, 0.3163173384913076, 0.3163173384913076, 0.3163173384913076, 0.3163173384913076, 0.3163173384913076, 0.3163173384913076, 0.3163173384913076, 0.3163173384913076, 0.3163173384913076, 0.3163173384913076, 0.3163173384913076, 0.3163173384913076, 0.3163173384913076, 0.3163173384913076, 0.3163173384913076, 0.3163173384913076, 0.3163173384913076, 0.3163173384913076, 0.3163173384913076, 0.3163173384913076, 0.3163173384913076, 0.3163173384913076, 0.3163173384913076, 0.3163173384913076, 0.3163173384913076, 0.3163173384913076, 0.3163173384913076, 0.3163173384913076, 0.3163173384913076, 0.3163173384913076, 0.3163173384913076, 0.3163173384913076, 0.3163173384913076, 0.3163173384913076, 0.3163173384913076, 0.3163173384913076]
Average best individual's fitness of every generation - ins 6:
[0.2321509522078314, 0.24390761673443478, 0.30075377776322737, 0.30075377776322737, 0.30075377776322737, 0.30075377776322737, 0.30075377776322737, 0.30075377776322737, 0.30075377776322737, 0.30075377776322737, 0.30075377776322737, 0.30075377776322737, 0.30075377776322737, 0.30075377776322737, 0.30075377776322737, 0.30075377776322737, 0.30075377776322737, 0.30075377776322737, 0.30075377776322737, 0.30075377776322737, 0.30075377776322737, 0.30075377776322737, 0.30075377776322737, 0.30075377776322737, 0.30075377776322737, 0.30075377776322737, 0.30075377776322737, 0.30075377776322737, 0.30075377776322737, 0.30075377776322737, 0.30075377776322737, 0.30075377776322737, 0.30075377776322737, 0.30075377776322737, 0.30075377776322737, 0.30075377776322737, 0.30075377776322737, 0.30075377776322737, 0.30075377776322737, 0.30075377776322737, 0.30075377776322737, 0.30075377776322737, 0.30075377776322737, 0.30075377776322737, 0.30075377776322737, 0.30075377776322737, 0.30075377776322737, 0.30075377776322737, 0.30075377776322737, 0.30075377776322737, 0.30075377776322737, 0.30075377776322737, 0.30075377776322737, 0.30075377776322737, 0.30075377776322737, 0.30075377776322737, 0.30075377776322737, 0.30075377776322737, 0.30075377776322737, 0.30075377776322737, 0.30075377776322737]
Average best individual's fitness of every generation - ins 7:
[0.2144862047865959, 0.2648134569979587, 0.2648134569979587, 0.3095652453436069, 0.3095652453436069, 0.3095652453436069, 0.3095652453436069, 0.3095652453436069, 0.31586899676621977, 0.31586899676621977, 0.31586899676621977, 0.31586899676621977, 0.31586899676621977, 0.31586899676621977, 0.31586899676621977, 0.31586899676621977, 0.31586899676621977, 0.31586899676621977, 0.31586899676621977, 0.31586899676621977, 0.31586899676621977, 0.31586899676621977, 0.31586899676621977, 0.31586899676621977, 0.31586899676621977, 0.31586899676621977, 0.31586899676621977, 0.31586899676621977, 0.31586899676621977, 0.31586899676621977, 0.31586899676621977, 0.31586899676621977, 0.31586899676621977, 0.31586899676621977, 0.31586899676621977, 0.31586899676621977, 0.31586899676621977, 0.31586899676621977, 0.31586899676621977, 0.31586899676621977, 0.31586899676621977, 0.31586899676621977, 0.31586899676621977, 0.31586899676621977, 0.31586899676621977, 0.31586899676621977, 0.31586899676621977, 0.31586899676621977, 0.31586899676621977, 0.31586899676621977, 0.31586899676621977, 0.31586899676621977, 0.31586899676621977, 0.31586899676621977, 0.31586899676621977, 0.31586899676621977, 0.31586899676621977, 0.31586899676621977, 0.31586899676621977, 0.31586899676621977, 0.31586899676621977]