6.978074818010091803e+03 6.978074818010091803e+03 6.978074818010091803e+03 6.978074818010091803e+03 6.978074818010091803e+03 6.978074818010091803e+03 6.978074818010091803e+03 6.978074818010091803e+03 6.978074818010091803e+03 6.978074818010091803e+03
7.115750325144575982e+03 7.115750325144575982e+03 7.115750325144575982e+03 7.115750325144575982e+03 7.115750325144575982e+03 7.115750325144575982e+03 7.115750325144575982e+03 7.115750325144575982e+03 7.115750325144575982e+03 7.115750325144575982e+03
6.990188500948813271e+03 6.969404740182293608e+03 6.990188500948813271e+03 6.969404740182293608e+03 6.990188500948813271e+03 6.969404740182293608e+03 6.990188500948813271e+03 6.969404740182293608e+03 6.990188500948813271e+03 6.969404740182293608e+03
7.130722594824700536e+03 7.130722594824700536e+03 7.130722594824700536e+03 7.130722594824700536e+03 7.130722594824700536e+03 7.130722594824700536e+03 7.130722594824700536e+03 7.130722594824700536e+03 7.130722594824700536e+03 7.130722594824700536e+03
6.893360412051637468e+03 6.893360412051637468e+03 6.893360412051637468e+03 6.893360412051637468e+03 6.893360412051637468e+03 6.893360412051637468e+03 6.893360412051637468e+03 6.893360412051637468e+03 6.893360412051637468e+03 6.893360412051637468e+03
6.520228816818852465e+03 6.520228816818852465e+03 6.520228816818852465e+03 6.520228816818852465e+03 6.520228816818852465e+03 6.520228816818852465e+03 6.520228816818852465e+03 6.520228816818852465e+03 6.520228816818852465e+03 6.520228816818852465e+03
7.121502883064034904e+03 7.129236012803417907e+03 7.121502883064034904e+03 7.129236012803417907e+03 7.121502883064034904e+03 7.129236012803417907e+03 7.121502883064034904e+03 7.129236012803417907e+03 7.121502883064034904e+03 7.129236012803417907e+03
7.107401187858619778e+03 7.107401187858619778e+03 7.107401187858619778e+03 7.107401187858619778e+03 7.107401187858619778e+03 7.107401187858619778e+03 7.107401187858619778e+03 7.107401187858619778e+03 7.107401187858619778e+03 7.107401187858619778e+03
7.731210329934285255e+03 7.726651846815067984e+03 7.731210329934285255e+03 7.726651846815067984e+03 7.731210329934285255e+03 7.726651846815067984e+03 7.731210329934285255e+03 7.726651846815067984e+03 7.731210329934285255e+03 7.726651846815067984e+03
7.074906738323097670e+03 7.074906738323097670e+03 7.074906738323097670e+03 7.074906738323097670e+03 7.074906738323097670e+03 7.074906738323097670e+03 7.074906738323097670e+03 7.074906738323097670e+03 7.074906738323097670e+03 7.074906738323097670e+03
