listiEveGenLocalSearchedIndNum_AllRunsEve:
[0.0, 10.0, 20.0, 30.0, 40.0, 50.0, 60.0, 70.0, 80.0, 90.0, 100.0, 110.0, 120.0, 130.0, 140.0, 150.0, 160.0, 170.0, 180.0, 190.0, 200.0, 210.0, 220.0, 230.0, 240.0, 250.0, 260.0, 270.0, 280.0, 290.0, 300.0, 310.0, 320.0, 330.0, 340.0, 350.0, 360.0, 370.0, 380.0, 390.0, 400.0, 410.0, 420.0, 430.0, 440.0, 450.0, 460.0, 470.3333333333333, 481.0, 492.6666666666667, 507.0]

listfEveGenBestIndFitness_AllRunsAve:
[0.024162680438243284, 0.025619874249271382, 0.029261573682296406, 0.0325377128739619, 0.03557239137492899, 0.038823921435701216, 0.04180647039898371, 0.044552867875739505, 0.04780541374674479, 0.05089669988530403, 0.05423478871048761, 0.05754118168616222, 0.06114330120390078, 0.06451405409879298, 0.06794391460437338, 0.07103865959695611, 0.07428800147018795, 0.07723045456626536, 0.0800526039507721, 0.08261288395482705, 0.08506023737775147, 0.08710789541096434, 0.08873480427416447, 0.08992576332132969, 0.09122678720710657, 0.09179888696117802, 0.09238955200218711, 0.0928290498763739, 0.09295743346808803, 0.09325207236093833, 0.09330983472158111, 0.09341859841584793, 0.0934399220274207, 0.09346638682148571, 0.0934810153954637, 0.0935308152221255, 0.09359868425572292, 0.09361063768709532, 0.09363069309108231, 0.09364898007675836, 0.09364898007675836, 0.09364898007675836, 0.09369481266908862, 0.09369481266908862, 0.09373693345054014, 0.09373693345054014, 0.09373693345054014, 0.09373693345054014, 0.09373693345054014, 0.09373693345054014, 0.093740347513795]

listEveGenDiversityMetric1_AllRunsAve:
[1.0, 1.0, 0.9986666666666667, 0.9586666666666666, 0.8593333333333333, 0.8160000000000002, 0.712, 0.6353333333333333, 0.6966666666666667, 0.6626666666666665, 0.6493333333333332, 0.6393333333333334, 0.6666666666666666, 0.6639999999999998, 0.6626666666666666, 0.6593333333333334, 0.6880000000000001, 0.695333333333333, 0.6806666666666666, 0.6920000000000001, 0.6726666666666666, 0.6659999999999999, 0.6553333333333332, 0.6266666666666666, 0.568, 0.5633333333333332, 0.5311111111111113, 0.539688888888889, 0.6052888888888889, 0.5840888888888889, 0.578, 0.5695111111111113, 0.5840415584415585, 0.5910642246642245, 0.5958018278018279, 0.5995536533183592, 0.6067781255781256, 0.6080354712825302, 0.6198763354970114, 0.6256582913359007, 0.6318178808048599, 0.6355722086620859, 0.6363943910541254, 0.6353790739169454, 0.6339664732146678, 0.6361398674430615, 0.6372004678540205, 0.6359866410189315, 0.6334567713405547, 0.6287113286170952, 0.6213846669114711]

listfEveGenProportion_belongToLocalSearchedIndNeighbor_exceptCurrLocalSearchedInd_AllRunsAve:
[0.0, 0.0, 0.0, 0.0, 0.0, 0.0, 0.0, 0.0, 0.0, 0.0, 0.0, 0.0, 0.0, 0.002, 0.005333333333333333, 0.013333333333333334, 0.015333333333333334, 0.03266666666666667, 0.08200000000000002, 0.11333333333333333, 0.18800000000000003, 0.28333333333333327, 0.34199999999999997, 0.4120000000000001, 0.5166666666666667, 0.5748888888888889, 0.6473333333333334, 0.6804, 0.6179555555555557, 0.7000444444444448, 0.7539555555555555, 0.7859407407407405, 0.8019711399711399, 0.8183682539682539, 0.8487505531505534, 0.8637851507969153, 0.872596426575374, 0.889460658731247, 0.8919882069641122, 0.9121649257903719, 0.9199396980468603, 0.9223764730738394, 0.9318173959108093, 0.942554878409695, 0.9487063064845377, 0.9387486022865716, 0.9434623574496523, 0.9517297059971377, 0.961872495244338, 0.9598370177545296, 0.9571726234582395]

listiAveDiversityMetric2EveGen:
[24.91088464251006, 209.94657799250314, 92.24286591697901, 76.48216398722754, 75.40072649729278, 63.03462197417741, 32.59954947660697, 19.196493105650422, 19.459065478272937, 11.432783095932251, 5.892020991253644, 3.817269204498127, 3.3132776009995832, 3.029584961821464, 2.9281366541718725, 2.444749176731917, 2.6424945161738163, 2.5065190837151183, 2.389300991253644, 2.5485503706788837, 2.554634946550048, 2.5968547771761763, 2.6290777065111763, 2.6279785200610863, 2.470331317506594, 2.60860934118158, 2.6937097878262435, 2.506046622846705, 2.979915902462065, 2.726092976791368, 2.618841131951845, 2.6472114700190255, 2.741856840755808, 2.862870892946664, 2.977228204007872, 3.062745230685105, 3.153981449948661, 3.2051956982437853, 3.3283965414600676, 3.3968516606609707, 3.477006963334786, 3.5391197085534514, 3.5922896914477516, 3.614347779056005, 3.613703217339535, 3.59076396167764, 3.570031381283817, 3.5665937634505918, 3.58091079098646, 3.6009124391721268, 3.6266545599299302]

listiAveFitEvaNumByThisGen:
[50, 1100, 2150, 3200, 4250, 5300, 6350, 7400, 8450, 9500, 10550, 11600, 12650, 13700, 14750, 15800, 16850, 17900, 18950, 20000, 21050, 22100, 23150, 24200, 25250, 26300, 27360, 28426, 29516, 30640, 31783, 32953, 34160, 35420, 36726, 38103, 39553, 41083, 42700, 44406, 46206, 48096, 50083, 52170, 54356, 56643, 59030, 61550, 64203, 67056, 70276]
------------------------new instance-----------------------------
listiEveGenLocalSearchedIndNum_AllRunsEve:
[0.0, 10.0, 20.0, 30.0, 40.0, 50.0, 60.0, 70.0, 80.0, 90.0, 100.0, 110.0, 120.0, 130.0, 140.0, 150.0, 160.0, 170.0, 180.0, 190.0, 200.0, 210.0, 220.0, 230.0, 240.0, 250.0, 260.0, 270.0, 280.0, 290.0, 300.0, 310.0, 320.0, 330.0, 340.0, 350.0, 360.0, 370.0, 380.0, 390.0, 400.0, 410.0, 420.0, 430.0, 440.0, 450.0, 460.0, 470.3333333333333, 481.6666666666667, 494.6666666666667, 508.0]

listfEveGenBestIndFitness_AllRunsAve:
[0.023233505981621595, 0.024544913711226957, 0.0279781357540027, 0.031018960922720253, 0.0344427904065112, 0.03734606720943337, 0.04074698782122155, 0.04415642690576257, 0.047188788425222596, 0.050309236967392916, 0.05380741902976866, 0.05709661764915926, 0.060705489634981596, 0.06419653007318031, 0.06756365697146997, 0.07106483830201789, 0.07437024129405784, 0.07711295666546054, 0.07980158981095616, 0.08211169049564024, 0.08418797045405614, 0.08580206434112313, 0.08743522379991163, 0.08825788270838207, 0.08924145807130661, 0.08979154743665187, 0.09046545565017271, 0.09084807435031499, 0.09121222586450999, 0.09133248180933505, 0.09152331909487994, 0.09165642372139597, 0.09179015967575728, 0.09186590959476339, 0.09186590959476339, 0.09186590959476339, 0.09186590959476339, 0.09186590959476339, 0.09186590959476339, 0.09186590959476339, 0.09186590959476339, 0.09186590959476339, 0.09186590959476339, 0.09186590959476339, 0.09186590959476339, 0.09186590959476339, 0.09186590959476339, 0.09186590959476339, 0.09186590959476339, 0.09186590959476339, 0.09186590959476339]

listEveGenDiversityMetric1_AllRunsAve:
[1.0, 1.0, 1.0, 0.9446666666666667, 0.874, 0.8039999999999998, 0.7526666666666667, 0.6880000000000001, 0.65, 0.6593333333333334, 0.6593333333333332, 0.6373333333333332, 0.6699999999999999, 0.6639999999999999, 0.6506666666666665, 0.6566666666666667, 0.6659999999999998, 0.6513333333333333, 0.6486666666666666, 0.6566666666666666, 0.6506666666666666, 0.6366666666666668, 0.6326666666666668, 0.6253333333333335, 0.5713333333333334, 0.5640000000000001, 0.53, 0.5502222222222223, 0.5087555555555557, 0.5083555555555556, 0.5604126984126985, 0.5476359788359789, 0.5409845117845118, 0.5689663817663817, 0.5542868834868836, 0.5467455559690854, 0.5660962359278147, 0.572012311458751, 0.589404048357878, 0.5932709394038455, 0.6018283608298128, 0.6008057614657291, 0.6033274243961988, 0.6048144184412935, 0.6053481615246735, 0.6044527862056397, 0.6045668761294256, 0.6038217108149998, 0.5992062248212779, 0.5917005215605489, 0.5837068661176822]

listfEveGenProportion_belongToLocalSearchedIndNeighbor_exceptCurrLocalSearchedInd_AllRunsAve:
[0.0, 0.0, 0.0, 0.0, 0.0, 0.0, 0.0, 0.0, 0.0, 0.0, 0.0, 0.0, 0.0, 0.0006666666666666666, 0.007333333333333333, 0.014666666666666666, 0.029333333333333333, 0.05600000000000002, 0.09800000000000002, 0.15200000000000002, 0.196, 0.28200000000000003, 0.33199999999999996, 0.38266666666666665, 0.5066666666666667, 0.5382222222222222, 0.5922222222222223, 0.5977777777777777, 0.6736444444444446, 0.7246222222222224, 0.6998158730158731, 0.7527322751322754, 0.796849446849447, 0.7887213823213822, 0.836143856143856, 0.8782603958133369, 0.8765096685678727, 0.8997523318328271, 0.9009534403437756, 0.9258074022149512, 0.928640938365165, 0.9404349937247061, 0.945874904195054, 0.9533332534151845, 0.9580265013454625, 0.9623544072105715, 0.9645420733366682, 0.9660899613600603, 0.9685060065725076, 0.9708281826012558, 0.9720304852389522]

listiAveDiversityMetric2EveGen:
[24.91088464251006, 207.55176392058863, 111.53736503123696, 90.00733356656947, 57.83007897820351, 51.561336109954205, 48.07435915035401, 25.78506706650007, 27.15440895182563, 21.307035757323334, 15.001762954324587, 9.184219908371512, 5.752180147160905, 4.234149193391643, 3.053807135915591, 3.108557745383868, 2.979710009718173, 2.3654555490767732, 2.2960152380952383, 2.3374008385394975, 2.3507195557406635, 2.531797528807442, 2.871183051506317, 2.8078432208801885, 2.7231272303207, 2.8241399047005893, 2.5766359863755124, 2.5504671616594177, 2.3273273990848122, 2.4017088602860333, 2.4605699578869307, 2.47255232109113, 2.6127953788888236, 2.6957218296677414, 2.7884758022246183, 2.8055571821648515, 2.9169642897287824, 2.9859711841412993, 3.1482995342359805, 3.2108634303365604, 3.2400010044239695, 3.2455775792013744, 3.269387714232898, 3.3023355319241765, 3.3204643827732245, 3.3389784994624563, 3.356973490323288, 3.3712402031153363, 3.3814701326142202, 3.4031182073002335, 3.4147670173064464]

listiAveFitEvaNumByThisGen:
[50, 1100, 2150, 3200, 4250, 5300, 6350, 7400, 8450, 9500, 10550, 11600, 12650, 13700, 14750, 15800, 16850, 17900, 18950, 20000, 21050, 22100, 23150, 24200, 25250, 26300, 27353, 28410, 29486, 30573, 31680, 32830, 34010, 35236, 36523, 37863, 39263, 40750, 42316, 43980, 45736, 47593, 49546, 51600, 53753, 56006, 58360, 60846, 63533, 66486, 69573]
------------------------new instance-----------------------------
listiEveGenLocalSearchedIndNum_AllRunsEve:
[0.0, 10.0, 20.0, 30.0, 40.0, 50.0, 60.0, 70.0, 80.0, 90.0, 100.0, 110.0, 120.0, 130.0, 140.0, 150.0, 160.0, 170.0, 180.0, 190.0, 200.0, 210.0, 220.0, 230.0, 240.0, 250.0, 260.0, 270.0, 280.0, 290.0, 300.0, 310.0, 320.0, 330.0, 340.0, 350.0, 360.0, 370.0, 380.0, 390.0, 400.0, 410.0, 420.0, 430.0, 440.0, 450.3333333333333, 461.0, 472.0, 484.3333333333333, 498.3333333333333, 513.3333333333334]

listfEveGenBestIndFitness_AllRunsAve:
[0.024630367615909112, 0.026012183243838274, 0.02931731954536635, 0.032730558908758235, 0.036245874315560464, 0.03906006171033852, 0.042485002684173635, 0.0457782351612199, 0.04915157968878623, 0.052194603059298, 0.05558931814009274, 0.05895213425062391, 0.06220396575349953, 0.06569792185062158, 0.06907028595260488, 0.07227911013582614, 0.07527024218315151, 0.07788352998199796, 0.08037518859340047, 0.08235658184346684, 0.08420394189776077, 0.08559166858649961, 0.0864463689708322, 0.08745097686177629, 0.08813956911464782, 0.08867618701872715, 0.08898660787385573, 0.08917199622381038, 0.08933063759002047, 0.08938046137807128, 0.08948608067900217, 0.08961091028265283, 0.08965127092931915, 0.08966881552706908, 0.08971697025665565, 0.08974875746569724, 0.08977874366525376, 0.08983085312255996, 0.08984109574819396, 0.08984611047275116, 0.08984611047275116, 0.0899576750092851, 0.0899679176349191, 0.08997816026055311, 0.08998913552080792, 0.0900448770338946, 0.0900448770338946, 0.0900456096685154, 0.09004634230313617, 0.09004634230313617, 0.09004634230313617]

listEveGenDiversityMetric1_AllRunsAve:
[1.0, 1.0, 0.984, 0.9646666666666667, 0.9106666666666665, 0.7093333333333333, 0.7433333333333333, 0.6806666666666666, 0.6893333333333334, 0.6826666666666666, 0.6946666666666665, 0.6846666666666668, 0.6726666666666665, 0.6586666666666666, 0.6553333333333333, 0.6460000000000001, 0.6406666666666666, 0.6426666666666667, 0.6386666666666664, 0.6606666666666665, 0.6439999999999999, 0.6702222222222223, 0.6553333333333334, 0.6408888888888887, 0.5957777777777777, 0.6252888888888889, 0.6248444444444445, 0.627257142857143, 0.593326984126984, 0.6149291005291008, 0.5710556998556998, 0.6182519110519112, 0.6035107115107115, 0.6085557222733694, 0.6164192752551884, 0.6179308950652606, 0.6300486119604707, 0.6385605019075687, 0.6477050833667012, 0.651831006618422, 0.6558809831133263, 0.6579086463150569, 0.6604103580544546, 0.6620319902503855, 0.6636861221652761, 0.6623952115822881, 0.6614645937582196, 0.6609556687494595, 0.6574760784440236, 0.6528922199785281, 0.648680476624382]

listfEveGenProportion_belongToLocalSearchedIndNeighbor_exceptCurrLocalSearchedInd_AllRunsAve:
[0.0, 0.0, 0.0, 0.0, 0.0, 0.0, 0.0, 0.0, 0.0, 0.0, 0.0, 0.0, 0.0, 0.0, 0.004, 0.013333333333333334, 0.03133333333333334, 0.05999999999999999, 0.12533333333333335, 0.1713333333333334, 0.2753333333333333, 0.32266666666666666, 0.4057777777777778, 0.49222222222222217, 0.5964444444444444, 0.6086222222222222, 0.6677777777777778, 0.6460380952380952, 0.7268888888888889, 0.7282539682539683, 0.8221389129389131, 0.7767383431383432, 0.8153665593665596, 0.8383597535362242, 0.8502263821260725, 0.8781080944511287, 0.8727301106027181, 0.8865354253916268, 0.9024209012436373, 0.9089184597176032, 0.9185253631543844, 0.9271564353741863, 0.9345499784462056, 0.9245148066746158, 0.9307926549847909, 0.9407153893974711, 0.9479731649255252, 0.945762404233759, 0.947244575603137, 0.946243961241655, 0.9487478331785922]

listiAveDiversityMetric2EveGen:
[24.91088464251006, 193.95105195057616, 90.17649845897539, 92.01775464667499, 73.8367730778842, 47.02116420380398, 38.93734330695543, 24.679188826877688, 17.30634582257393, 16.34074682215743, 12.923739197556575, 10.769053250034709, 7.827885581007915, 5.2145991614605025, 4.212335171456338, 2.455863567957796, 2.4040868304872967, 2.540422201860336, 2.6607106594474526, 2.6391985561571567, 2.5849710176315432, 2.9073133371017943, 2.8160675962964588, 2.89662399615534, 2.95652317223112, 3.1738986591899496, 3.200416211153855, 3.276323896372524, 3.312728798356747, 3.5220096504594505, 3.5871922580029096, 3.725060955427005, 3.7962738117100474, 3.9266591061590654, 3.9489859287458318, 4.032379463764262, 4.094558917064572, 4.147265992976083, 4.203956595581926, 4.304505125827826, 4.3916929675302265, 4.479792839679473, 4.548970439478043, 4.656488957312153, 4.699883888911947, 4.7476055048874874, 4.78941631079022, 4.859835858836486, 4.892000736562041, 4.92081953291408, 4.94162971532417]

listiAveFitEvaNumByThisGen:
[50, 1100, 2150, 3200, 4250, 5300, 6350, 7400, 8450, 9500, 10550, 11600, 12650, 13700, 14750, 15800, 16850, 17900, 18950, 20000, 21050, 22100, 23153, 24206, 25266, 26326, 27403, 28496, 29623, 30770, 31956, 33173, 34453, 35786, 37183, 38650, 40193, 41830, 43556, 45376, 47296, 49316, 51436, 53656, 55976, 58430, 61016, 63736, 66690, 69910, 73330]
------------------------new instance-----------------------------
listiEveGenLocalSearchedIndNum_AllRunsEve:
[0.0, 10.0, 20.0, 30.0, 40.0, 50.0, 60.0, 70.0, 80.0, 90.0, 100.0, 110.0, 120.0, 130.0, 140.0, 150.0, 160.0, 170.0, 180.0, 190.0, 200.0, 210.0, 220.0, 230.0, 240.0, 250.0, 260.0, 270.0, 280.0, 290.0, 300.0, 310.0, 320.0, 330.0, 340.0, 350.0, 360.0, 370.0, 380.0, 390.0, 400.0, 410.0, 420.0, 430.0, 440.0, 450.0, 460.0, 470.0, 480.3333333333333, 492.3333333333333, 505.6666666666667]

listfEveGenBestIndFitness_AllRunsAve:
[0.024833971472513414, 0.026329550945953625, 0.029630043055176712, 0.033020423377770745, 0.03638945372952609, 0.03915197401396358, 0.04290007677944239, 0.04569060462180377, 0.049221570529454896, 0.05245818601993808, 0.05562681727901161, 0.05867007067986642, 0.061692030150685986, 0.06484719629760713, 0.06781594224735195, 0.07059966204980958, 0.07318845188212625, 0.07557073917826893, 0.07759016188150462, 0.07952893771869138, 0.08123502697306079, 0.082585568569932, 0.08353351945501955, 0.08439053817755003, 0.08509072395670363, 0.08568426448340342, 0.0861422505747447, 0.08626039430083174, 0.08672839033293063, 0.08686318341642872, 0.08697933246469995, 0.08709202864068398, 0.08709920724184901, 0.08712554940414315, 0.08715707011696887, 0.08715707011696887, 0.0871599415574349, 0.08717140560853215, 0.08717140560853215, 0.08719289799049364, 0.08719289799049364, 0.08719433371072664, 0.08719433371072664, 0.08719433371072664, 0.08719433371072664, 0.08719433371072664, 0.08719433371072664, 0.08719433371072664, 0.08719433371072664, 0.08719433371072664, 0.08719433371072664]

listEveGenDiversityMetric1_AllRunsAve:
[1.0, 1.0, 0.9846666666666667, 0.9420000000000001, 0.8553333333333335, 0.7426666666666666, 0.7673333333333331, 0.6559999999999999, 0.7213333333333334, 0.6546666666666666, 0.6513333333333334, 0.654, 0.6599999999999998, 0.6773333333333333, 0.6659999999999999, 0.6766666666666669, 0.6619999999999998, 0.65, 0.6613333333333333, 0.6659999999999999, 0.6659999999999999, 0.6413333333333332, 0.6160000000000001, 0.5746666666666668, 0.5888888888888888, 0.5562222222222222, 0.5639999999999998, 0.5937777777777777, 0.5689777777777779, 0.5955555555555556, 0.5754666666666666, 0.5982222222222222, 0.5886306878306878, 0.5841616161616162, 0.5862519258519259, 0.6156756724756725, 0.6171961963961963, 0.6185595940122254, 0.626975175082915, 0.6335593865819198, 0.6335086955741793, 0.6340572397936205, 0.6333924417809172, 0.6316890828780406, 0.6299898110548932, 0.6279850554508221, 0.6269964171688404, 0.6243637594821577, 0.6222037556520061, 0.6170326126457051, 0.6103033497590331]

listfEveGenProportion_belongToLocalSearchedIndNeighbor_exceptCurrLocalSearchedInd_AllRunsAve:
[0.0, 0.0, 0.0, 0.0, 0.0, 0.0, 0.0, 0.0, 0.0, 0.0, 0.0, 0.0, 0.0, 0.0013333333333333333, 0.006666666666666667, 0.014666666666666668, 0.03666666666666667, 0.06133333333333332, 0.08600000000000001, 0.10933333333333334, 0.16666666666666666, 0.25133333333333335, 0.36933333333333346, 0.4880000000000001, 0.5126666666666666, 0.6042222222222223, 0.602, 0.638, 0.7123999999999999, 0.687111111111111, 0.7481777777777778, 0.7434031746031747, 0.7758603174603176, 0.8219744107744109, 0.8451505531505531, 0.8239790431790434, 0.8654486341545164, 0.8913208568750366, 0.8955586252069224, 0.912977834726657, 0.9214944889082889, 0.9302328904006726, 0.9436536999138331, 0.951178994604136, 0.9574617876225513, 0.9593969615410798, 0.964170574854499, 0.9682086565216266, 0.968049736910146, 0.969935480401097, 0.9708664685964598]

listiAveDiversityMetric2EveGen:
[24.91088464251006, 182.39773178953212, 88.8970161099542, 92.63327542412884, 70.42476248229904, 53.25643977231709, 39.22983965569902, 17.390237800916285, 23.075385167291415, 11.889560683048732, 8.223286075246424, 6.761108826877692, 5.733863690129114, 5.886821379980564, 5.9836890184645295, 5.8744358739414135, 5.331527952242122, 3.0642238622796047, 2.5347128474246845, 2.2691879272525335, 2.6119259197556564, 2.505470009718173, 2.5153041343884497, 2.683422618353464, 2.8546694581857674, 3.033460233867839, 3.188459672018903, 3.640011828284712, 3.792279067156302, 4.098213199385437, 4.141727297575756, 4.150681547235624, 4.2010707074096265, 4.1299687938961815, 4.108698312558907, 4.230931702747936, 4.242536942507139, 4.248926144591413, 4.323891724161, 4.390332735530142, 4.391835404727075, 4.397682402536978, 4.37542469051969, 4.356595361545558, 4.348205423262674, 4.353011091503831, 4.380014897541738, 4.370038860905125, 4.385853551249143, 4.402168484221275, 4.411371311313705]

listiAveFitEvaNumByThisGen:
[50, 1100, 2150, 3200, 4250, 5300, 6350, 7400, 8450, 9500, 10550, 11600, 12650, 13700, 14750, 15800, 16850, 17900, 18950, 20000, 21050, 22100, 23150, 24200, 25250, 26303, 27360, 28430, 29516, 30620, 31746, 32900, 34086, 35316, 36593, 37930, 39336, 40823, 42390, 44050, 45806, 47660, 49613, 51666, 53820, 56073, 58426, 60880, 63466, 66320, 69406]
------------------------new instance-----------------------------
listiEveGenLocalSearchedIndNum_AllRunsEve:
[0.0, 10.0, 20.0, 30.0, 40.0, 50.0, 60.0, 70.0, 80.0, 90.0, 100.0, 110.0, 120.0, 130.0, 140.0, 150.0, 160.0, 170.0, 180.0, 190.0, 200.0, 210.0, 220.0, 230.0, 240.0, 250.0, 260.0, 270.0, 280.0, 290.0, 300.0, 310.0, 320.0, 330.0, 340.0, 350.0, 360.0, 370.0, 380.0, 390.0, 400.0, 410.0, 420.0, 430.0, 440.3333333333333, 450.6666666666667, 461.3333333333333, 472.6666666666667, 484.6666666666667, 498.0, 511.3333333333333]

listfEveGenBestIndFitness_AllRunsAve:
[0.023358347227700537, 0.024593694797883908, 0.027958129653023002, 0.03137426274197464, 0.03438552504183608, 0.03735917615311386, 0.03980093774550244, 0.04234078742889499, 0.04516808221117674, 0.04875974409724832, 0.05137566092441108, 0.05406528289455282, 0.056715935503265064, 0.05937075005737367, 0.062024967033387696, 0.06448389968771873, 0.06710085515571818, 0.06935671621926308, 0.07136271694887229, 0.07310526255480261, 0.07446541913301764, 0.07571576780836303, 0.07665919737316723, 0.07740093793404101, 0.07792823277635028, 0.07824492397838109, 0.07854952059720315, 0.078773426154312, 0.07895563710148279, 0.07907375992345786, 0.0792034392059124, 0.07926599342799645, 0.07931529078048953, 0.07936245032287423, 0.07945169116964786, 0.07948497530279078, 0.0795266409408527, 0.07953983898570162, 0.07956317773469276, 0.07965495021878044, 0.07971068498725618, 0.0797443644771462, 0.0797607263223076, 0.07976568408483262, 0.0797918735305628, 0.07981257529395168, 0.07984392597823017, 0.07985478613245205, 0.07985478613245205, 0.07986815795508802, 0.07991124413997203]

listEveGenDiversityMetric1_AllRunsAve:
[1.0, 1.0, 1.0, 0.9713333333333335, 0.8946666666666665, 0.7773333333333332, 0.6893333333333335, 0.662, 0.6853333333333332, 0.7173333333333333, 0.64, 0.6473333333333333, 0.6639999999999999, 0.6826666666666666, 0.6626666666666668, 0.6846666666666666, 0.676, 0.6766666666666665, 0.6713333333333333, 0.6713333333333336, 0.6720000000000002, 0.670666666666667, 0.6857777777777777, 0.676, 0.6290222222222221, 0.6197777777777776, 0.637536507936508, 0.5968507936507937, 0.5707703703703704, 0.5671953823953824, 0.5789264957264958, 0.6045950937950939, 0.5887236832883891, 0.6020684788895315, 0.5966036656154304, 0.6053974479556928, 0.6057935856873319, 0.6181355793914685, 0.6308591735396943, 0.6378093804763681, 0.6464953608848806, 0.6503325597463504, 0.6535679389106153, 0.6549188395832338, 0.6555413383166864, 0.6544423556000616, 0.6527928346602934, 0.651776871114792, 0.6502265101948326, 0.6460509685609114, 0.6410650476154572]

listfEveGenProportion_belongToLocalSearchedIndNeighbor_exceptCurrLocalSearchedInd_AllRunsAve:
[0.0, 0.0, 0.0, 0.0, 0.0, 0.0, 0.0, 0.0, 0.0, 0.0, 0.0, 0.0, 0.0006666666666666666, 0.0026666666666666666, 0.013333333333333334, 0.016666666666666666, 0.03333333333333333, 0.05666666666666667, 0.09666666666666666, 0.166, 0.2293333333333333, 0.3186666666666666, 0.3633333333333334, 0.42844444444444446, 0.5848888888888889, 0.6079111111111112, 0.5884253968253967, 0.6601523809523809, 0.7049333333333333, 0.7306135642135643, 0.7595677655677656, 0.7507642135642134, 0.8100683786801436, 0.8033450923345659, 0.8546194615841676, 0.8500785920470401, 0.8657675704412545, 0.8718390588450984, 0.8861547152549062, 0.9070432707141362, 0.900757796159698, 0.9099396078587045, 0.9186657304900122, 0.9286617485745889, 0.9385858888658914, 0.9427581156358917, 0.9456254497695562, 0.9477284372408548, 0.9441339364596366, 0.9448195188111356, 0.9517593320325629]

listiAveDiversityMetric2EveGen:
[24.91088464251006, 266.6965810467861, 144.11252564764678, 86.02816479800082, 65.72721712619742, 27.97145047341386, 26.285803670692772, 21.190922537831465, 10.149641827016524, 13.590481121754827, 8.388203670692766, 5.6176124836873536, 4.850099658475636, 4.94834130223518, 3.880649373871998, 2.664283393030681, 2.564893694294044, 2.3891345717062333, 2.3389479272525335, 2.283886158545051, 2.512248429820908, 2.676467560738581, 2.7035079563209155, 3.4250294946024695, 3.3458353632749245, 3.076571277404317, 3.3832343916645113, 3.499374696453303, 3.591462715779897, 3.538851651129438, 3.4428936764608054, 3.31199017523869, 3.509667487304856, 3.8027516782433812, 3.9495119864847603, 4.074934004562474, 4.278892921896888, 4.4066581702296075, 4.521069900506706, 4.557124572525926, 4.616181657764374, 4.607769845215774, 4.5689130700766665, 4.5867690589868575, 4.624485361278263, 4.63657376987166, 4.667888926621896, 4.7167711953976035, 4.792711584807321, 4.874202092919607, 4.93518883407177]

listiAveFitEvaNumByThisGen:
[50, 1100, 2150, 3200, 4250, 5300, 6350, 7400, 8450, 9500, 10550, 11600, 12650, 13700, 14750, 15800, 16850, 17900, 18950, 20000, 21050, 22100, 23150, 24206, 25270, 26340, 27420, 28526, 29643, 30776, 31933, 33120, 34353, 35636, 36976, 38376, 39850, 41393, 43020, 44736, 46546, 48456, 50466, 52576, 54820, 57163, 59640, 62283, 65093, 68136, 71280]
------------------------new instance-----------------------------
listiEveGenLocalSearchedIndNum_AllRunsEve:
[0.0, 10.0, 20.0, 30.0, 40.0, 50.0, 60.0, 70.0, 80.0, 90.0, 100.0, 110.0, 120.0, 130.0, 140.0, 150.0, 160.0, 170.0, 180.0, 190.0, 200.0, 210.0, 220.0, 230.0, 240.0, 250.0, 260.0, 270.0, 280.0, 290.0, 300.0, 310.0, 320.0, 330.0, 340.0, 350.0, 360.0, 370.0, 380.0, 390.0, 400.0, 410.0, 420.0, 430.0, 440.0, 450.0, 460.0, 470.0, 480.3333333333333, 491.3333333333333, 504.3333333333333]

listfEveGenBestIndFitness_AllRunsAve:
[0.024732726669018937, 0.02627806464879937, 0.030010272172516814, 0.032847287910286564, 0.03665973696328939, 0.0398201366358, 0.04264228264013514, 0.04594484147620544, 0.04918877449080591, 0.05210248975863892, 0.05502633128436157, 0.058060119471442705, 0.06097364389643966, 0.0639295222946581, 0.06684280824971357, 0.06968236734767609, 0.07235207486070715, 0.07483335892013486, 0.07702588730139298, 0.07921151274069015, 0.08107781903878537, 0.08259042330347187, 0.08395343843416478, 0.08502552190596474, 0.08600366812839029, 0.0866731776775791, 0.08713448132270876, 0.08754089320661396, 0.08772799964175423, 0.08802277734273721, 0.08833354949587749, 0.08850992112803964, 0.08864235656773414, 0.08868837562400131, 0.08884831185493462, 0.08884831185493462, 0.08890433218061927, 0.0889223403516998, 0.0889223403516998, 0.0889223403516998, 0.0889223403516998, 0.088924025121529, 0.088924025121529, 0.088924025121529, 0.088924025121529, 0.088924025121529, 0.088924025121529, 0.088924025121529, 0.088924025121529, 0.088924025121529, 0.088924025121529]

listEveGenDiversityMetric1_AllRunsAve:
[1.0, 1.0, 0.9920000000000001, 0.8766666666666668, 0.9179999999999998, 0.772666666666667, 0.6980000000000002, 0.7193333333333334, 0.6866666666666666, 0.6606666666666665, 0.6593333333333333, 0.6593333333333331, 0.654, 0.6513333333333334, 0.6586666666666665, 0.6806666666666666, 0.6726666666666665, 0.6833333333333333, 0.7080000000000002, 0.6859999999999998, 0.6886666666666666, 0.6693333333333334, 0.6613333333333333, 0.6559999999999999, 0.6166666666666667, 0.6264444444444444, 0.5935555555555554, 0.5855999999999999, 0.6084444444444446, 0.6294920634920635, 0.6262349206349207, 0.6245714285714286, 0.6088825396825397, 0.6217837421837421, 0.6092622192622191, 0.6181362637362636, 0.6226699809993925, 0.6269576676276366, 0.6363045235466288, 0.6393741624582923, 0.6415463994241003, 0.6424088362315956, 0.6454814650306471, 0.647406294986727, 0.6487362709291472, 0.6499242778591816, 0.6506371198105074, 0.6506800205600122, 0.6501303067191928, 0.6484128024409122, 0.6448851024148596]

listfEveGenProportion_belongToLocalSearchedIndNeighbor_exceptCurrLocalSearchedInd_AllRunsAve:
[0.0, 0.0, 0.0, 0.0, 0.0, 0.0, 0.0, 0.0, 0.0, 0.0, 0.0, 0.0, 0.0, 0.0, 0.0, 0.0, 0.016666666666666666, 0.042666666666666665, 0.07600000000000001, 0.14133333333333337, 0.20600000000000002, 0.27199999999999996, 0.3413333333333334, 0.39799999999999996, 0.4853333333333334, 0.5524444444444446, 0.646, 0.6567999999999998, 0.665111111111111, 0.6808507936507937, 0.7207428571428571, 0.7315873015873017, 0.7810878306878305, 0.7804357864357866, 0.8469789469789468, 0.8390086802086804, 0.8642191751603517, 0.8791145109906718, 0.8921879304046486, 0.8883899925483448, 0.9216637523325801, 0.9211571053794771, 0.9299970103867105, 0.9416374713689053, 0.9426737584544168, 0.9486422472380094, 0.9511650037834797, 0.9571527713639948, 0.9582715923619461, 0.9629548333790738, 0.9623878377059955]

listiAveDiversityMetric2EveGen:
[24.91088464251006, 289.6867450118007, 141.56414347355266, 70.71030350687212, 74.31421698736636, 47.18870586144663, 30.728266600027766, 25.876967885603218, 11.570845569901431, 9.002152658614467, 9.17437192280994, 7.422865983617936, 5.385584539775094, 3.619533105650424, 2.562094327363598, 2.602745389421075, 2.516976948493683, 2.4996505678189647, 2.403473930306817, 2.476643176454255, 2.603896109954186, 2.7288377398306265, 2.939501341107871, 3.0338080022212965, 2.8700751575732335, 2.7690266156995147, 2.8803064580652022, 2.9193463486784634, 3.0802244115694637, 3.3122659966947414, 3.3841844709113804, 3.186850700453271, 3.0519770978055814, 3.170251077075922, 3.1725052586055895, 3.19975135726647, 3.272684172384566, 3.3337938220260717, 3.38100565886449, 3.4119591853098425, 3.4177201953862637, 3.44470560675285, 3.462339486420496, 3.487879272177058, 3.496822009357116, 3.512603474639106, 3.547765800754335, 3.567902667968391, 3.5971309941732463, 3.6150257376072217, 3.640199965587621]

listiAveFitEvaNumByThisGen:
[50, 1100, 2150, 3200, 4250, 5300, 6350, 7400, 8450, 9500, 10550, 11600, 12650, 13700, 14750, 15800, 16850, 17900, 18950, 20000, 21050, 22100, 23150, 24200, 25250, 26300, 27353, 28406, 29476, 30573, 31706, 32870, 34073, 35306, 36593, 37933, 39336, 40810, 42356, 43993, 45723, 47543, 49460, 51476, 53593, 55810, 58126, 60543, 63093, 65810, 68826]
------------------------new instance-----------------------------
listiEveGenLocalSearchedIndNum_AllRunsEve:
[0.0, 10.0, 20.0, 30.0, 40.0, 50.0, 60.0, 70.0, 80.0, 90.0, 100.0, 110.0, 120.0, 130.0, 140.0, 150.0, 160.0, 170.0, 180.0, 190.0, 200.0, 210.0, 220.0, 230.0, 240.0, 250.0, 260.0, 270.0, 280.0, 290.0, 300.0, 310.0, 320.0, 330.0, 340.0, 350.0, 360.0, 370.0, 380.0, 390.0, 400.0, 410.0, 420.0, 430.0, 440.0, 450.3333333333333, 460.6666666666667, 471.0, 481.6666666666667, 494.3333333333333, 507.6666666666667]

listfEveGenBestIndFitness_AllRunsAve:
[0.02485584914810709, 0.026229044820368957, 0.02987125230258692, 0.03362797494275617, 0.03695957786951906, 0.04084865077170151, 0.043873748339202795, 0.047221375284125636, 0.0505697187158476, 0.053589595635420186, 0.05712578392954402, 0.06046151934452108, 0.0637616553318375, 0.06694184565603861, 0.07006426014301434, 0.07323856157297781, 0.07611756881040592, 0.07874008467823386, 0.08091666176869611, 0.08279236661168084, 0.08429843860983303, 0.08564772049384432, 0.08671364093034235, 0.0876946679857862, 0.08821033952418131, 0.08871627069366736, 0.08909018919151673, 0.08929072934263146, 0.08947475324248048, 0.08950789227009462, 0.08963088711341965, 0.08975933283343583, 0.08976480804610079, 0.08978534148815337, 0.089787960587282, 0.089787960587282, 0.0897945948346252, 0.0897945948346252, 0.0897945948346252, 0.08985812506748779, 0.08989752303512696, 0.08996871141096659, 0.09002763166030289, 0.09002763166030289, 0.09010390675001721, 0.0901064596775222, 0.09010948331675056, 0.0902192995818155, 0.09033340572674416, 0.09036412249031756, 0.09041246501506156]

listEveGenDiversityMetric1_AllRunsAve:
[1.0, 1.0, 0.9946666666666667, 0.9733333333333333, 0.8553333333333334, 0.8546666666666666, 0.6933333333333335, 0.7133333333333333, 0.6933333333333334, 0.6346666666666666, 0.6693333333333334, 0.6646666666666665, 0.6613333333333333, 0.6746666666666666, 0.6659999999999999, 0.6819999999999998, 0.7100000000000002, 0.6886666666666666, 0.6553333333333332, 0.6513333333333334, 0.6646666666666666, 0.6433333333333333, 0.664, 0.6517777777777778, 0.638, 0.5886666666666667, 0.6038666666666667, 0.6112000000000002, 0.5994285714285714, 0.6081333333333333, 0.6033333333333334, 0.6026754578754578, 0.6140486772486772, 0.5969203180262004, 0.6064143723722671, 0.6179743367743367, 0.6171260643117421, 0.6349658846416745, 0.6381180284684927, 0.649021981059491, 0.6526296464050083, 0.6549486252883534, 0.6581639588828451, 0.6609305154158437, 0.6619621645713668, 0.6628017421191658, 0.661389573970516, 0.6599475113253384, 0.657563800194674, 0.6508393071279017, 0.6444025466707578]

listfEveGenProportion_belongToLocalSearchedIndNeighbor_exceptCurrLocalSearchedInd_AllRunsAve:
[0.0, 0.0, 0.0, 0.0, 0.0, 0.0, 0.0, 0.0, 0.0, 0.0, 0.0, 0.0, 0.0006666666666666666, 0.0, 0.0013333333333333333, 0.006666666666666666, 0.018000000000000002, 0.05066666666666666, 0.08733333333333335, 0.14733333333333337, 0.22000000000000003, 0.2913333333333334, 0.33000000000000007, 0.37866666666666665, 0.4871111111111112, 0.5693333333333334, 0.6050666666666665, 0.6183111111111111, 0.7116825396825398, 0.707437037037037, 0.7515757575757573, 0.7855667887667889, 0.7574645502645503, 0.7971387148798915, 0.8272660509081561, 0.8496519184519185, 0.8795969808348326, 0.8828982759746847, 0.901697249079705, 0.9069027231793145, 0.9179387331532014, 0.9227341030215604, 0.925084781354574, 0.9260742732053794, 0.9318214008048439, 0.937879607103408, 0.9447054800962934, 0.9473420432891845, 0.9473633046337164, 0.9434962364337369, 0.940216132261246]

listiAveDiversityMetric2EveGen:
[24.91088464251006, 298.04904676384837, 136.5009728613078, 94.47090796612521, 88.54105171734, 56.75873514924337, 33.85650929890323, 25.631850195751767, 17.368907221990835, 10.026995152019992, 8.354879955574066, 9.870298131334165, 5.059387477439956, 4.3891254199639045, 3.9020799111481326, 3.6431484214910452, 3.2820467916146057, 2.779432214355131, 2.528164375954464, 2.416294810495627, 2.7202717090101345, 2.7812959711231424, 2.9604760683048728, 2.9452480758294515, 3.052378586428896, 3.123979659876251, 3.1550879079999206, 3.508427330199003, 3.6051002295426295, 3.805905016840428, 4.005311583392182, 4.164344959122845, 4.34337834775627, 4.238239842591705, 4.041713001163204, 4.119208445125549, 4.164646575590305, 4.2675981761714326, 4.277269475523096, 4.31848757911193, 4.376826572370504, 4.476671505637475, 4.536840183563751, 4.522958307652067, 4.498943919717001, 4.510454588051991, 4.509344374436124, 4.529204762525296, 4.548132891050069, 4.591519648232491, 4.629216043143909]

listiAveFitEvaNumByThisGen:
[50, 1100, 2150, 3200, 4250, 5300, 6350, 7400, 8450, 9500, 10550, 11600, 12650, 13700, 14750, 15800, 16850, 17900, 18950, 20000, 21050, 22100, 23150, 24200, 25253, 26310, 27370, 28450, 29550, 30663, 31806, 32980, 34190, 35450, 36756, 38120, 39556, 41063, 42660, 44346, 46133, 48016, 50000, 52083, 54266, 56580, 58990, 61496, 64136, 67076, 70183]
------------------------new instance-----------------------------
listiEveGenLocalSearchedIndNum_AllRunsEve:
[0.0, 10.0, 20.0, 30.0, 40.0, 50.0, 60.0, 70.0, 80.0, 90.0, 100.0, 110.0, 120.0, 130.0, 140.0, 150.0, 160.0, 170.0, 180.0, 190.0, 200.0, 210.0, 220.0, 230.0, 240.0, 250.0, 260.0, 270.0, 280.0, 290.0, 300.0, 310.0, 320.0, 330.0, 340.0, 350.0, 360.0, 370.0, 380.0, 390.0, 400.0, 410.0, 420.0, 430.0, 440.0, 450.0, 460.0, 470.0, 481.3333333333333, 494.3333333333333, 508.3333333333333]

listfEveGenBestIndFitness_AllRunsAve:
[0.02359463417095468, 0.024853001340744234, 0.02827763959811101, 0.03184215103710084, 0.035006705127456135, 0.03761708108113641, 0.04041135700583932, 0.0433032862584714, 0.04654940506043197, 0.04927277169314438, 0.05226381890451547, 0.05540756829551299, 0.0584956883225644, 0.06161761426040243, 0.06475624579127472, 0.06787218935168303, 0.07076781591766199, 0.07343383802070007, 0.07571633449896072, 0.07780170592054692, 0.07961224841959579, 0.08083421805544512, 0.08205128210000387, 0.08283799442519088, 0.08350042949425454, 0.08386247578594479, 0.08415804664988617, 0.08443580319971651, 0.08456626566734896, 0.08466723287729981, 0.0847503375372294, 0.08477338607510301, 0.08477730887316372, 0.08480017039414212, 0.08495097718242671, 0.08495968788496835, 0.08499793150912086, 0.08507757292008562, 0.08510135686283332, 0.08511452367537362, 0.08511862048261758, 0.08511897829574296, 0.0851200873267595, 0.08512284287024824, 0.08512413156959504, 0.08516337358640845, 0.08516337358640845, 0.08517489805599426, 0.08518642252558006, 0.08518642252558006, 0.0851875315565966]

listEveGenDiversityMetric1_AllRunsAve:
[1.0, 1.0, 0.9993333333333333, 0.9693333333333334, 0.8413333333333334, 0.7326666666666665, 0.7253333333333334, 0.6806666666666666, 0.6719999999999999, 0.6159999999999999, 0.6353333333333332, 0.63, 0.6333333333333334, 0.6726666666666666, 0.6813333333333332, 0.6859999999999999, 0.6846666666666669, 0.6853333333333335, 0.6639999999999999, 0.652, 0.6466666666666666, 0.6419999999999999, 0.6073333333333333, 0.5853333333333333, 0.5633333333333332, 0.5211111111111112, 0.49000000000000005, 0.5640000000000001, 0.5475999999999999, 0.5442222222222223, 0.5292063492063492, 0.5680888888888889, 0.5858243386243385, 0.5676507936507935, 0.5536586968586968, 0.5606458134458134, 0.5606652119122707, 0.5692200887061568, 0.5723783803858107, 0.5728801618108391, 0.5812692756447125, 0.5801259973813696, 0.5861991878583365, 0.5877059270004618, 0.5888976181791011, 0.587489396509674, 0.5874461913602019, 0.5878554671671522, 0.5855818138828833, 0.5801295513810925, 0.5755979093774962]

listfEveGenProportion_belongToLocalSearchedIndNeighbor_exceptCurrLocalSearchedInd_AllRunsAve:
[0.0, 0.0, 0.0, 0.0, 0.0, 0.0, 0.0, 0.0, 0.0, 0.0, 0.0, 0.0, 0.0, 0.0, 0.0013333333333333333, 0.008666666666666666, 0.019333333333333334, 0.032, 0.08066666666666666, 0.12800000000000003, 0.2233333333333333, 0.2673333333333333, 0.4006666666666667, 0.4426666666666666, 0.5037777777777778, 0.5880000000000003, 0.6457777777777778, 0.6246666666666667, 0.6916444444444445, 0.6896444444444445, 0.7532761904761903, 0.738526984126984, 0.7342857142857143, 0.7963599807599807, 0.825385444185444, 0.8472340548340545, 0.84923806128512, 0.8729100370561672, 0.8785504820600796, 0.8977634117506513, 0.8961415673654953, 0.9229917160955668, 0.9277866078597294, 0.9385793297151387, 0.9434574576755438, 0.9521390798465231, 0.9533697990769332, 0.9555859316928142, 0.958909353885208, 0.9559370629567301, 0.9557241430371203]

listiAveDiversityMetric2EveGen:
[24.91088464251006, 225.6203472553103, 94.12252681382755, 64.43513691517423, 48.728982834929894, 38.600661280022216, 32.61537790365126, 18.84888887408024, 18.180186166874915, 10.28184087741219, 9.660451345272804, 5.760346788837984, 4.935990892683604, 4.567426949881994, 4.5030551936693035, 4.622796501457726, 3.923535238095238, 3.113762065805915, 2.906180113841456, 2.751022807163682, 2.8686619686241843, 2.627027982784951, 2.47622983756768, 2.4001584228793553, 2.9328114971707726, 2.397694593904581, 2.2725604686902208, 3.2273405466155207, 3.3481936369038885, 2.7888914465351786, 2.7790013933178854, 3.467261936078143, 3.4144997306381324, 3.1024477791768845, 3.0689186179307617, 3.148094240317598, 3.1614237312913707, 3.1373350526960206, 3.2258417807042017, 3.2971737026138284, 3.338382534561262, 3.356484212120573, 3.414264172335169, 3.440840845496841, 3.47707946024024, 3.4912746403438133, 3.5220873122505947, 3.5583514967681626, 3.561705884857986, 3.5546497275006392, 3.560704595335145]

listiAveFitEvaNumByThisGen:
[50, 1100, 2150, 3200, 4250, 5300, 6350, 7400, 8450, 9500, 10550, 11600, 12650, 13700, 14750, 15800, 16850, 17900, 18950, 20000, 21050, 22100, 23150, 24200, 25250, 26303, 27360, 28430, 29530, 30646, 31793, 32960, 34173, 35440, 36750, 38120, 39560, 41070, 42663, 44343, 46110, 47966, 49910, 51950, 54090, 56330, 58670, 61110, 63783, 66723, 69863]
------------------------new instance-----------------------------
