listiEveGenLocalSearchedIndNum_AllRunsEve:
[0.0, 10.0, 20.0, 29.966666666666665, 39.333333333333336, 47.833333333333336, 54.9, 61.5, 67.0, 70.7, 73.16666666666667, 74.46666666666667, 75.13333333333334, 75.36666666666666, 75.43333333333334, 75.46666666666667, 75.46666666666667, 75.5, 75.56666666666666, 75.6, 75.66666666666667, 75.66666666666667, 75.66666666666667, 75.7, 75.76666666666667, 75.76666666666667, 75.76666666666667, 75.8, 75.86666666666666, 75.93333333333334, 75.93333333333334, 75.93333333333334, 75.93333333333334, 75.96666666666667, 76.0, 76.06666666666666, 76.3, 76.36666666666666, 76.4, 76.43333333333334, 76.43333333333334, 76.46666666666667, 76.53333333333333, 76.53333333333333, 76.53333333333333, 76.53333333333333, 76.53333333333333, 76.53333333333333, 76.53333333333333, 76.56666666666666, 76.6, 76.7, 76.76666666666667, 76.83333333333333, 76.93333333333334, 77.06666666666666, 77.06666666666666, 77.06666666666666, 77.13333333333334, 77.2, 77.2, 77.2, 77.2, 77.2, 77.2, 77.2, 77.23333333333333, 77.26666666666667, 77.3, 77.3, 77.3, 77.3, 77.3, 77.33333333333333, 77.33333333333333, 77.33333333333333, 77.33333333333333, 77.36666666666666, 77.4, 77.46666666666667, 77.56666666666666, 77.63333333333334, 77.63333333333334, 77.66666666666667, 77.7, 77.73333333333333, 77.73333333333333, 77.73333333333333, 77.73333333333333, 77.8, 77.93333333333334, 78.0, 78.06666666666666, 78.1, 78.1, 78.13333333333334, 78.13333333333334, 78.13333333333334, 78.16666666666667, 78.16666666666667, 78.16666666666667]

listfEveGenBestIndFitness_AllRunsAve:
[0.056398986980318803, 0.06514351836369292, 0.08533224866153064, 0.10341127422362557, 0.1192206246804036, 0.12893340456780822, 0.13556494518367754, 0.13852020793189798, 0.14002335335610974, 0.1408611492073222, 0.1413377131601325, 0.14154425750245903, 0.14160167605084875, 0.14160482769267382, 0.14160482769267382, 0.14160482769267382, 0.14160482769267382, 0.14160797933449887, 0.14160797933449887, 0.14164758089672358, 0.14164758089672358, 0.14164758089672358, 0.14164758089672358, 0.14173859425939953, 0.14173859425939953, 0.14173859425939953, 0.14173859425939953, 0.14173859425939953, 0.14173859425939953, 0.14173859425939953, 0.14173859425939953, 0.14173859425939953, 0.14173859425939953, 0.14173859425939953, 0.14174179781230792, 0.1419163425796098, 0.1420039808639609, 0.1420039808639609, 0.1420039808639609, 0.1420039808639609, 0.1420039808639609, 0.1420071282841978, 0.1420071282841978, 0.1420071282841978, 0.1420071282841978, 0.1420071282841978, 0.1420071282841978, 0.1420071282841978, 0.1420071282841978, 0.14209493809396534, 0.14209493809396534, 0.14227447013300284, 0.14227447013300284, 0.14227447013300284, 0.14245697317031186, 0.14245697317031186, 0.14245697317031186, 0.14245697317031186, 0.14254869539958184, 0.14254869539958184, 0.14254869539958184, 0.14254869539958184, 0.14254869539958184, 0.14254869539958184, 0.14254869539958184, 0.14254869539958184, 0.14269652001314626, 0.14269652001314626, 0.14269652001314626, 0.14269652001314626, 0.14269652001314626, 0.14269652001314626, 0.14269652001314626, 0.14269652001314626, 0.14269652001314626, 0.14269652001314626, 0.14269652001314626, 0.14274243419851293, 0.1427875333758222, 0.1427907369287306, 0.14288245915800057, 0.14288245915800057, 0.14288245915800057, 0.14288245915800057, 0.14288245915800057, 0.14288245915800057, 0.14288245915800057, 0.14288245915800057, 0.14288245915800057, 0.14297728111801222, 0.14297728111801222, 0.14297728111801222, 0.14297728111801222, 0.14301656606944138, 0.14301656606944138, 0.14301656606944138, 0.14301656606944138, 0.14301656606944138, 0.14301656606944138, 0.14301656606944138, 0.14301656606944138]

listEveGenDiversityMetric1_AllRunsAve:
[1.0, 1.0, 0.9876666666666665, 0.913, 0.9063333333333332, 0.8853333333333333, 0.8610000000000001, 0.8203333333333334, 0.7706666666666664, 0.7430000000000002, 0.7266666666666665, 0.7163333333333334, 0.7063333333333334, 0.6963333333333334, 0.6883333333333332, 0.6809999999999998, 0.6693333333333332, 0.6643333333333333, 0.6559999999999999, 0.6496666666666668, 0.6433333333333336, 0.6363333333333333, 0.6293333333333334, 0.622, 0.6146666666666667, 0.6090000000000001, 0.6040000000000002, 0.5963333333333334, 0.5906666666666667, 0.5813333333333334, 0.5766666666666667, 0.5676666666666667, 0.5616666666666668, 0.552, 0.5459999999999999, 0.542, 0.534, 0.5293333333333333, 0.5266666666666667, 0.5226666666666667, 0.5186666666666666, 0.5156666666666667, 0.511, 0.5063333333333335, 0.4993333333333334, 0.49300000000000005, 0.4883333333333334, 0.48500000000000004, 0.48000000000000004, 0.4753333333333334, 0.4736666666666667, 0.47100000000000003, 0.4666666666666667, 0.46299999999999997, 0.46133333333333326, 0.45633333333333337, 0.45300000000000007, 0.44800000000000006, 0.44466666666666665, 0.44, 0.43600000000000005, 0.4316666666666668, 0.4286666666666668, 0.4253333333333335, 0.4223333333333334, 0.4186666666666667, 0.41833333333333333, 0.41500000000000004, 0.41133333333333333, 0.4076666666666666, 0.4056666666666667, 0.4033333333333334, 0.401, 0.39733333333333337, 0.3950000000000001, 0.39433333333333337, 0.39299999999999996, 0.39133333333333326, 0.389, 0.3863333333333333, 0.3856666666666667, 0.38166666666666677, 0.37833333333333335, 0.37600000000000006, 0.373, 0.3696666666666667, 0.3633333333333334, 0.3606666666666667, 0.35466666666666663, 0.35433333333333333, 0.3526666666666667, 0.3486666666666667, 0.3460000000000001, 0.34133333333333343, 0.3370000000000001, 0.3336666666666667, 0.32933333333333337, 0.326, 0.322, 0.318, 0.31533333333333335]

listfEveGenProportion_belongToLocalSearchedIndNeighbor_exceptCurrLocalSearchedInd_AllRunsAve:
[0.0, 0.0, 0.0003333333333333333, 0.008000000000000002, 0.039666666666666676, 0.10900000000000001, 0.24366666666666673, 0.35700000000000004, 0.5619999999999999, 0.7259999999999998, 0.8406666666666667, 0.9203333333333333, 0.9609999999999999, 0.9779999999999996, 0.9883333333333332, 0.9846666666666662, 0.9849999999999997, 0.9806666666666666, 0.9783333333333333, 0.9746666666666666, 0.9726666666666666, 0.9749999999999999, 0.974, 0.971, 0.968, 0.969, 0.9683333333333333, 0.9660000000000001, 0.9626666666666667, 0.9623333333333335, 0.9633333333333332, 0.9629999999999997, 0.9619999999999997, 0.9576666666666663, 0.9583333333333331, 0.9513333333333329, 0.9479999999999997, 0.9509999999999997, 0.9549999999999998, 0.9516666666666665, 0.9533333333333331, 0.9506666666666664, 0.9489999999999998, 0.9506666666666665, 0.9496666666666665, 0.9486666666666665, 0.948, 0.9463333333333334, 0.9446666666666668, 0.942, 0.9413333333333331, 0.9369999999999998, 0.9390000000000001, 0.9383333333333332, 0.9353333333333332, 0.9353333333333335, 0.9406666666666667, 0.94, 0.9366666666666666, 0.9406666666666668, 0.9406666666666668, 0.94, 0.9389999999999997, 0.9386666666666664, 0.938, 0.9369999999999998, 0.9333333333333331, 0.9346666666666664, 0.9333333333333331, 0.9366666666666664, 0.9353333333333331, 0.9339999999999997, 0.9329999999999997, 0.9309999999999999, 0.9329999999999999, 0.9316666666666666, 0.9313333333333333, 0.9296666666666668, 0.9299999999999999, 0.929, 0.9273333333333335, 0.9290000000000002, 0.9306666666666668, 0.9279999999999998, 0.9263333333333333, 0.9263333333333335, 0.9283333333333333, 0.9273333333333332, 0.9303333333333333, 0.9269999999999999, 0.9286666666666666, 0.93, 0.9306666666666666, 0.9303333333333332, 0.9313333333333333, 0.93, 0.9316666666666668, 0.9309999999999998, 0.9306666666666668, 0.9326666666666666, 0.9316666666666668]

listiAveDiversityMetric2EveGen:
[12.50285978845696, 66.77327326871408, 34.972108606604756, 18.38280376288134, 10.558959333401354, 6.4987493180967935, 4.876792391252594, 3.8907273189810563, 3.488612412338876, 3.4933527327143485, 3.365468372615039, 3.2427644362820116, 3.1794907839336117, 3.1799253246267383, 3.192100943441146, 3.1806552229364353, 3.160905874910724, 3.157128596401728, 3.1451986722443293, 3.1416630357446516, 3.1457757902254873, 3.135942769105194, 3.1348176308539943, 3.1363905955174634, 3.1344045872870105, 3.1463370839710234, 3.1448761786212294, 3.159259204843044, 3.171241776689454, 3.181895783423461, 3.1659803652688505, 3.171213764581845, 3.173815915382784, 3.143589843213278, 3.1317802346699324, 3.1383696956092924, 3.1452467652960583, 3.1331384212495323, 3.144952649729619, 3.141395324286637, 3.1568244560078904, 3.16894606808829, 3.1779258361391696, 3.1746977247219665, 3.1641402441927697, 3.1641595619494605, 3.1546060102710602, 3.1676687127163885, 3.1623372744277796, 3.1805991279801376, 3.1683181049552767, 3.195995993606095, 3.196952840186375, 3.2132545128048156, 3.2026936285413057, 3.185506321123695, 3.176715272591231, 3.1815515151515155, 3.1859649872461997, 3.1901572261333877, 3.1856353038805563, 3.1845726204809037, 3.1836980389756153, 3.1917007407407407, 3.181431796755434, 3.1712391796755437, 3.1677622691562077, 3.1602309968370568, 3.158842082780667, 3.1622151127435982, 3.168526732646329, 3.1680162677277823, 3.164763485358636, 3.1555634921606646, 3.156683950617284, 3.1664380056456825, 3.16380502261674, 3.1774151100227868, 3.175223337754651, 3.179696041900487, 3.2008909485426655, 3.2061119491208383, 3.2074718158011075, 3.2062661116212627, 3.219800669319457, 3.224556111961364, 3.2196234642723534, 3.228187850219365, 3.2190197680508783, 3.2158611543039823, 3.2027973145597395, 3.1919448899772127, 3.182465968778696, 3.1810172812298063, 3.166777527463183, 3.149023948576675, 3.128780187055743, 3.126307993061933, 3.127738772234126, 3.126185360677482, 3.1199014372683056]

listiAveFitEvaNumByThisGen:
[100, 780, 1462, 2137, 2785, 3389, 3926, 4436, 4890, 5254, 5557, 5802, 6015, 6209, 6393, 6575, 6755, 6938, 7120, 7302, 7484, 7662, 7843, 8024, 8207, 8388, 8567, 8749, 8932, 9117, 9297, 9479, 9659, 9841, 10024, 10209, 10401, 10584, 10768, 10950, 11132, 11315, 11497, 11677, 11857, 12038, 12218, 12398, 12578, 12760, 12943, 13128, 13310, 13493, 13679, 13866, 14047, 14228, 14411, 14595, 14773, 14953, 15131, 15310, 15490, 15669, 15849, 16030, 16211, 16391, 16572, 16752, 16931, 17113, 17293, 17473, 17654, 17836, 18018, 18202, 18388, 18572, 18753, 18933, 19113, 19295, 19475, 19653, 19831, 20012, 20198, 20382, 20564, 20746, 20927, 21108, 21288, 21468, 21649, 21827, 22006]
------------------------new instance-----------------------------
listiEveGenLocalSearchedIndNum_AllRunsEve:
[0.0, 10.0, 20.0, 29.933333333333334, 39.5, 48.6, 55.733333333333334, 62.7, 69.13333333333334, 74.03333333333333, 77.73333333333333, 80.16666666666667, 82.0, 82.93333333333334, 83.23333333333333, 83.3, 83.33333333333333, 83.46666666666667, 83.86666666666666, 84.0, 84.03333333333333, 84.1, 84.23333333333333, 84.26666666666667, 84.26666666666667, 84.3, 84.4, 84.5, 84.53333333333333, 84.56666666666666, 84.56666666666666, 84.6, 84.7, 84.76666666666667, 84.83333333333333, 84.9, 85.0, 85.03333333333333, 85.03333333333333, 85.03333333333333, 85.03333333333333, 85.03333333333333, 85.03333333333333, 85.06666666666666, 85.16666666666667, 85.26666666666667, 85.36666666666666, 85.43333333333334, 85.53333333333333, 85.66666666666667, 85.73333333333333, 85.76666666666667, 85.76666666666667, 85.76666666666667, 85.76666666666667, 85.76666666666667, 85.83333333333333, 85.86666666666666, 85.96666666666667, 86.13333333333334, 86.23333333333333, 86.3, 86.43333333333334, 86.6, 86.7, 86.7, 86.7, 86.7, 86.7, 86.7, 86.73333333333333, 86.8, 86.86666666666666, 86.96666666666667, 87.0, 87.0, 87.0, 87.0, 87.03333333333333, 87.06666666666666, 87.1, 87.13333333333334, 87.13333333333334, 87.13333333333334, 87.13333333333334, 87.13333333333334, 87.13333333333334, 87.13333333333334, 87.13333333333334, 87.13333333333334, 87.16666666666667, 87.23333333333333, 87.3, 87.36666666666666, 87.46666666666667, 87.5, 87.53333333333333, 87.53333333333333, 87.53333333333333, 87.53333333333333, 87.53333333333333]

listfEveGenBestIndFitness_AllRunsAve:
[0.05628977215983147, 0.06391709199292026, 0.08457615202631881, 0.10030339712651322, 0.11575687522757314, 0.12482984458955118, 0.1305986203393036, 0.13393189648954956, 0.1364879481930523, 0.13763619183278888, 0.13828627664898274, 0.13884265430421222, 0.1389511664656618, 0.1390067098842989, 0.1390135546354329, 0.1390135546354329, 0.1391627393047513, 0.13926945713652553, 0.13927274411509818, 0.13927274411509818, 0.13932707781896436, 0.13936881513432295, 0.13937041951644302, 0.13937041951644302, 0.13937041951644302, 0.1394247532203092, 0.13946649053566781, 0.13946649053566781, 0.13946649053566781, 0.13946649053566781, 0.13946649053566781, 0.13954755709065775, 0.13954755709065775, 0.13954755709065775, 0.13955663426539705, 0.13956636361630803, 0.13957320836744205, 0.13957320836744205, 0.13957320836744205, 0.13957320836744205, 0.13957320836744205, 0.13957320836744205, 0.13957320836744205, 0.13964147655434203, 0.13965650139449434, 0.1397269064188246, 0.1397269064188246, 0.1397269064188246, 0.13973821824091723, 0.1397479475918282, 0.13975479234296223, 0.13975479234296223, 0.13975479234296223, 0.13975479234296223, 0.13975479234296223, 0.13975479234296223, 0.13975968370365496, 0.13982927265170092, 0.13986640153542923, 0.13986640153542923, 0.13986925897057617, 0.1399381147330137, 0.140011861856144, 0.140011861856144, 0.140011861856144, 0.140011861856144, 0.140011861856144, 0.140011861856144, 0.140011861856144, 0.140011861856144, 0.1400375131329283, 0.14011857968791824, 0.14011857968791824, 0.14011857968791824, 0.14011857968791824, 0.14011857968791824, 0.14011857968791824, 0.14011857968791824, 0.14015954952621815, 0.14015954952621815, 0.14016862670095745, 0.14016862670095745, 0.14016862670095745, 0.14016862670095745, 0.14016862670095745, 0.14016862670095745, 0.14016862670095745, 0.14016862670095745, 0.14016862670095745, 0.14016862670095745, 0.14022090836134998, 0.14023748246339499, 0.14023748246339499, 0.14026536838753262, 0.14026536838753262, 0.14026536838753262, 0.14026536838753262, 0.14026536838753262, 0.14026536838753262, 0.14026536838753262, 0.14026536838753262]

listEveGenDiversityMetric1_AllRunsAve:
[1.0, 1.0, 0.9826666666666668, 0.9163333333333331, 0.9286666666666665, 0.884, 0.8540000000000002, 0.8326666666666666, 0.7829999999999999, 0.7503333333333334, 0.7096666666666667, 0.6803333333333333, 0.6613333333333334, 0.648, 0.6419999999999998, 0.632, 0.6243333333333333, 0.6176666666666667, 0.6066666666666668, 0.6016666666666666, 0.596, 0.5883333333333333, 0.5793333333333333, 0.5773333333333333, 0.5690000000000002, 0.5609999999999999, 0.5566666666666668, 0.551, 0.5423333333333333, 0.5349999999999999, 0.528, 0.5233333333333333, 0.5183333333333334, 0.5113333333333333, 0.5013333333333334, 0.49600000000000016, 0.48933333333333345, 0.483, 0.4759999999999999, 0.47200000000000003, 0.4663333333333333, 0.46066666666666667, 0.455, 0.4483333333333333, 0.4436666666666666, 0.4403333333333333, 0.4316666666666667, 0.42766666666666675, 0.42466666666666675, 0.42033333333333334, 0.41766666666666663, 0.41233333333333333, 0.404, 0.4013333333333334, 0.3979999999999999, 0.3953333333333332, 0.3929999999999999, 0.3906666666666666, 0.3853333333333334, 0.3813333333333334, 0.37833333333333347, 0.37399999999999994, 0.3696666666666666, 0.36633333333333323, 0.36399999999999993, 0.3603333333333333, 0.35599999999999987, 0.34999999999999987, 0.3443333333333332, 0.3393333333333333, 0.3346666666666667, 0.33233333333333337, 0.3323333333333334, 0.32700000000000007, 0.32500000000000007, 0.3233333333333334, 0.3203333333333334, 0.31600000000000006, 0.3143333333333334, 0.3103333333333334, 0.3100000000000001, 0.3066666666666667, 0.3023333333333334, 0.29900000000000004, 0.29566666666666663, 0.2919999999999999, 0.28933333333333333, 0.28533333333333327, 0.2826666666666666, 0.28, 0.2783333333333333, 0.27733333333333327, 0.27499999999999997, 0.2713333333333333, 0.26799999999999996, 0.265, 0.26266666666666666, 0.25833333333333336, 0.25400000000000006, 0.2513333333333334, 0.24766666666666665]

listfEveGenProportion_belongToLocalSearchedIndNeighbor_exceptCurrLocalSearchedInd_AllRunsAve:
[0.0, 0.0, 0.0, 0.008333333333333333, 0.02733333333333334, 0.10366666666666667, 0.22633333333333336, 0.3373333333333333, 0.48899999999999993, 0.6489999999999998, 0.7636666666666667, 0.8506666666666666, 0.8919999999999997, 0.9436666666666665, 0.9719999999999996, 0.9863333333333331, 0.9873333333333332, 0.9756666666666667, 0.9633333333333334, 0.9833333333333333, 0.9833333333333333, 0.982, 0.9780000000000001, 0.9826666666666666, 0.9823333333333331, 0.9779999999999998, 0.975333333333333, 0.9716666666666665, 0.9773333333333333, 0.9759999999999999, 0.9769999999999999, 0.973, 0.9699999999999999, 0.9703333333333333, 0.9713333333333333, 0.9693333333333332, 0.9686666666666665, 0.9696666666666667, 0.9703333333333332, 0.9696666666666666, 0.9686666666666665, 0.9673333333333332, 0.9656666666666667, 0.9626666666666666, 0.9603333333333334, 0.9623333333333333, 0.965, 0.9653333333333333, 0.9636666666666667, 0.9623333333333334, 0.9643333333333335, 0.9643333333333335, 0.9650000000000002, 0.9650000000000001, 0.9656666666666668, 0.9650000000000001, 0.9626666666666667, 0.9619999999999999, 0.9616666666666666, 0.9613333333333334, 0.9636666666666667, 0.9636666666666664, 0.9633333333333333, 0.9636666666666666, 0.967, 0.9700000000000001, 0.97, 0.9703333333333332, 0.9709999999999999, 0.9706666666666665, 0.9689999999999996, 0.9679999999999997, 0.9676666666666666, 0.9683333333333333, 0.9686666666666667, 0.969, 0.9686666666666667, 0.9689999999999999, 0.967, 0.9683333333333332, 0.968, 0.9683333333333334, 0.9686666666666667, 0.9686666666666667, 0.9689999999999999, 0.9696666666666667, 0.9696666666666667, 0.9696666666666666, 0.9696666666666667, 0.9693333333333332, 0.9666666666666663, 0.9646666666666665, 0.963, 0.9629999999999999, 0.9629999999999997, 0.9646666666666666, 0.9659999999999999, 0.967, 0.9666666666666667, 0.9669999999999999, 0.967]

listiAveDiversityMetric2EveGen:
[12.50285978845696, 68.93538224943033, 36.277496477230216, 18.152148148148154, 12.819055433799274, 8.340451296806448, 5.812802474577424, 4.7769226786382335, 4.465370602999694, 3.853621857633575, 3.2935760405400805, 3.0482020215624264, 2.9039459837431556, 2.894836147331905, 2.881481964425399, 2.8705079917015284, 2.8891744828758967, 2.9417972560623076, 2.9081588708635167, 2.892421688943305, 2.866590772370166, 2.8608027371356664, 2.8382239213685674, 2.835464032921811, 2.829570560827127, 2.786283100363909, 2.7816503349998305, 2.8057848750127543, 2.8081318559330684, 2.7965886814270653, 2.7840742305206945, 2.7999535843281302, 2.812398393361221, 2.8290482522191605, 2.840206512260653, 2.805581797775738, 2.793225239601402, 2.776777455361698, 2.777400176852703, 2.7860990293507464, 2.791174244804952, 2.793720201339999, 2.7897910580553007, 2.816181767846819, 2.838352908206646, 2.8308817780498585, 2.846969101112131, 2.856110824065572, 2.83380872291943, 2.844437612488522, 2.8324957262864334, 2.8358977179199405, 2.8221767697173754, 2.819176145291297, 2.8037198489950006, 2.798640989014727, 2.7871723429582014, 2.7858340414243448, 2.781883275856205, 2.780148061082203, 2.769445958575656, 2.7714221433187087, 2.7753583511886544, 2.774215346733327, 2.7759974750875758, 2.7715175145393323, 2.75686221405979, 2.741914992347719, 2.7304092902084824, 2.720172442267796, 2.705310873040166, 2.7020178580416965, 2.6928252205557257, 2.676822984049247, 2.6677734530490085, 2.6615124157398906, 2.6585119885725947, 2.6497310805019896, 2.6520280910111222, 2.6467773261231846, 2.648977049960887, 2.6402419739482363, 2.6245896772438186, 2.616510432268816, 2.6081118348467838, 2.6011097139747648, 2.6051785844981796, 2.597582514709384, 2.600897426793184, 2.616689370472401, 2.6246158963371085, 2.6352934040744143, 2.628862711968167, 2.604400589055538, 2.597444863449307, 2.5746352644287995, 2.556384298200864, 2.5414519620446896, 2.5346776750671705, 2.532017636295616, 2.5284960704690005]

listiAveFitEvaNumByThisGen:
[100, 780, 1462, 2135, 2793, 3427, 3967, 4496, 4997, 5421, 5786, 6087, 6359, 6587, 6783, 6967, 7148, 7336, 7535, 7722, 7903, 8084, 8271, 8453, 8632, 8815, 8999, 9184, 9366, 9548, 9729, 9912, 10097, 10281, 10466, 10650, 10836, 11018, 11199, 11380, 11562, 11743, 11922, 12103, 12289, 12474, 12660, 12843, 13028, 13215, 13400, 13582, 13760, 13940, 14121, 14301, 14485, 14668, 14853, 15041, 15225, 15408, 15593, 15780, 15965, 16144, 16322, 16502, 16681, 16861, 17043, 17227, 17409, 17594, 17777, 17956, 18138, 18318, 18500, 18682, 18865, 19047, 19228, 19406, 19585, 19765, 19945, 20123, 20301, 20478, 20660, 20844, 21026, 21209, 21395, 21576, 21758, 21938, 22117, 22296, 22474]
------------------------new instance-----------------------------
listiEveGenLocalSearchedIndNum_AllRunsEve:
[0.0, 10.0, 19.966666666666665, 29.966666666666665, 39.36666666666667, 47.2, 54.56666666666667, 61.06666666666667, 66.36666666666666, 70.4, 73.23333333333333, 75.36666666666666, 76.8, 77.36666666666666, 77.63333333333334, 77.8, 77.86666666666666, 77.96666666666667, 77.96666666666667, 78.06666666666666, 78.26666666666667, 78.5, 78.83333333333333, 78.96666666666667, 79.03333333333333, 79.03333333333333, 79.03333333333333, 79.06666666666666, 79.1, 79.13333333333334, 79.2, 79.3, 79.3, 79.3, 79.3, 79.33333333333333, 79.36666666666666, 79.4, 79.4, 79.4, 79.4, 79.46666666666667, 79.5, 79.53333333333333, 79.56666666666666, 79.6, 79.63333333333334, 79.66666666666667, 79.66666666666667, 79.66666666666667, 79.66666666666667, 79.7, 79.76666666666667, 79.76666666666667, 79.76666666666667, 79.8, 79.83333333333333, 79.83333333333333, 79.83333333333333, 79.83333333333333, 79.83333333333333, 79.83333333333333, 79.86666666666666, 79.96666666666667, 80.0, 80.0, 80.03333333333333, 80.06666666666666, 80.06666666666666, 80.06666666666666, 80.06666666666666, 80.06666666666666, 80.1, 80.16666666666667, 80.23333333333333, 80.23333333333333, 80.23333333333333, 80.23333333333333, 80.23333333333333, 80.23333333333333, 80.23333333333333, 80.23333333333333, 80.23333333333333, 80.26666666666667, 80.26666666666667, 80.26666666666667, 80.26666666666667, 80.26666666666667, 80.26666666666667, 80.26666666666667, 80.26666666666667, 80.26666666666667, 80.26666666666667, 80.3, 80.33333333333333, 80.33333333333333, 80.33333333333333, 80.4, 80.46666666666667, 80.5, 80.5]

listfEveGenBestIndFitness_AllRunsAve:
[0.057251405666419904, 0.0653802522669041, 0.08771410879498064, 0.10914323904178251, 0.12200419160141913, 0.13307804285402544, 0.13849258894916922, 0.14101896950043427, 0.14262831684995986, 0.14338122044124496, 0.14409641342662072, 0.14447614526405134, 0.1446742496946767, 0.14481585341338873, 0.14481585341338873, 0.1448447245892199, 0.1448792050639685, 0.1448792050639685, 0.1448792050639685, 0.1450053239635149, 0.14510025159661852, 0.14522922570109, 0.14529058268526468, 0.14529058268526468, 0.14529058268526468, 0.14529058268526468, 0.14529058268526468, 0.1453648882794837, 0.1453648882794837, 0.1453648882794837, 0.14543110868647693, 0.14543110868647693, 0.14543110868647693, 0.14543110868647693, 0.14543110868647693, 0.1454557804890827, 0.1454557804890827, 0.14550110899835803, 0.14550110899835803, 0.14550110899835803, 0.14550110899835803, 0.1455713972631046, 0.1455713972631046, 0.1456031371953492, 0.1456031371953492, 0.1456031371953492, 0.14563055177399517, 0.14563055177399517, 0.14563055177399517, 0.14563055177399517, 0.14563055177399517, 0.14569809949623774, 0.14569809949623774, 0.14569809949623774, 0.14569809949623774, 0.14571841498622187, 0.14571841498622187, 0.14571841498622187, 0.14571841498622187, 0.14571841498622187, 0.14571841498622187, 0.14571841498622187, 0.14575015491846646, 0.14575015491846646, 0.14575015491846646, 0.14575015491846646, 0.14575015491846646, 0.14575015491846646, 0.14575015491846646, 0.14575015491846646, 0.14575015491846646, 0.14575015491846646, 0.1457970459340395, 0.14584393694961256, 0.14584393694961256, 0.14584393694961256, 0.14584393694961256, 0.14584393694961256, 0.14584393694961256, 0.14584393694961256, 0.14584393694961256, 0.14584393694961256, 0.14584393694961256, 0.14584393694961256, 0.14584393694961256, 0.14584393694961256, 0.14584393694961256, 0.14584393694961256, 0.14584393694961256, 0.14584393694961256, 0.14584393694961256, 0.14584393694961256, 0.14584393694961256, 0.1459361564744609, 0.1459361564744609, 0.1459361564744609, 0.1459361564744609, 0.1459361564744609, 0.14595837568742817, 0.14595837568742817, 0.14595837568742817]

listEveGenDiversityMetric1_AllRunsAve:
[1.0, 0.9993333333333333, 0.9886666666666667, 0.9223333333333332, 0.8656666666666665, 0.8699999999999998, 0.862, 0.7919999999999999, 0.7569999999999999, 0.7349999999999998, 0.7186666666666667, 0.6913333333333332, 0.6746666666666669, 0.6673333333333334, 0.6583333333333334, 0.653, 0.6463333333333334, 0.639, 0.6353333333333334, 0.6343333333333335, 0.629, 0.6256666666666667, 0.6186666666666667, 0.6096666666666668, 0.6013333333333334, 0.5949999999999999, 0.5896666666666666, 0.5839999999999999, 0.578, 0.5716666666666668, 0.566, 0.5593333333333333, 0.5526666666666668, 0.5446666666666666, 0.5373333333333333, 0.5320000000000001, 0.5286666666666667, 0.5283333333333333, 0.5216666666666666, 0.5163333333333333, 0.5116666666666666, 0.508, 0.503, 0.5, 0.4943333333333333, 0.48900000000000005, 0.4856666666666667, 0.48200000000000004, 0.4776666666666668, 0.4753333333333333, 0.471, 0.47, 0.46433333333333326, 0.4606666666666667, 0.45600000000000007, 0.45266666666666666, 0.44833333333333325, 0.4449999999999999, 0.43933333333333324, 0.4353333333333333, 0.4319999999999999, 0.42733333333333334, 0.42366666666666675, 0.4240000000000001, 0.4213333333333333, 0.41700000000000004, 0.41666666666666674, 0.4119999999999999, 0.40733333333333327, 0.4059999999999999, 0.4016666666666666, 0.3993333333333334, 0.39766666666666667, 0.39466666666666667, 0.39133333333333337, 0.38833333333333336, 0.38600000000000007, 0.38266666666666665, 0.3790000000000001, 0.37600000000000006, 0.3710000000000001, 0.3676666666666667, 0.36433333333333334, 0.36099999999999993, 0.3566666666666666, 0.35333333333333333, 0.35, 0.3466666666666667, 0.343, 0.3396666666666667, 0.3376666666666666, 0.3346666666666667, 0.3293333333333333, 0.32799999999999996, 0.32566666666666666, 0.3233333333333333, 0.3223333333333333, 0.3203333333333333, 0.317, 0.3153333333333333, 0.3106666666666667]

listfEveGenProportion_belongToLocalSearchedIndNeighbor_exceptCurrLocalSearchedInd_AllRunsAve:
[0.0, 0.0, 0.0, 0.005000000000000001, 0.04600000000000001, 0.14966666666666661, 0.20866666666666672, 0.3909999999999999, 0.5673333333333335, 0.7046666666666664, 0.8146666666666665, 0.8570000000000001, 0.9063333333333333, 0.9569999999999997, 0.9753333333333333, 0.9766666666666667, 0.9800000000000001, 0.9800000000000001, 0.9826666666666666, 0.9676666666666666, 0.9643333333333334, 0.9629999999999999, 0.9593333333333333, 0.9723333333333332, 0.9739999999999999, 0.9746666666666665, 0.9743333333333332, 0.9709999999999996, 0.9713333333333332, 0.9719999999999998, 0.9699999999999996, 0.968333333333333, 0.9733333333333329, 0.971333333333333, 0.971333333333333, 0.9669999999999995, 0.9689999999999996, 0.9656666666666667, 0.967, 0.9650000000000001, 0.9633333333333335, 0.9570000000000002, 0.9593333333333334, 0.9580000000000001, 0.9583333333333334, 0.9603333333333333, 0.9566666666666664, 0.9579999999999999, 0.9583333333333333, 0.9566666666666667, 0.9553333333333334, 0.9506666666666667, 0.9520000000000002, 0.9533333333333331, 0.9543333333333331, 0.9513333333333331, 0.952, 0.9546666666666666, 0.9549999999999998, 0.9549999999999998, 0.9526666666666667, 0.9516666666666665, 0.9489999999999998, 0.947, 0.9476666666666667, 0.9473333333333332, 0.9439999999999998, 0.9436666666666665, 0.9463333333333332, 0.945, 0.9443333333333331, 0.9439999999999998, 0.9403333333333332, 0.9373333333333332, 0.9393333333333331, 0.9429999999999998, 0.9416666666666665, 0.942, 0.942, 0.9419999999999998, 0.9423333333333332, 0.9416666666666665, 0.9409999999999997, 0.9396666666666663, 0.9406666666666665, 0.9413333333333331, 0.9406666666666665, 0.9393333333333334, 0.9403333333333332, 0.9406666666666665, 0.940333333333333, 0.9413333333333331, 0.9416666666666665, 0.939, 0.941, 0.9406666666666665, 0.9396666666666664, 0.9356666666666666, 0.936, 0.9409999999999997, 0.9443333333333331]

listiAveDiversityMetric2EveGen:
[12.50285978845696, 64.94132084209095, 37.20712662109309, 18.907042411998773, 9.580753597932185, 7.001232056592866, 4.962391286603409, 3.6840463952657894, 3.408379912253851, 3.264205638880386, 3.089895791585893, 2.9580579546304793, 2.8363100595177357, 2.7923780757065595, 2.794582271196817, 2.8073478665442293, 2.79536604292079, 2.802821824983844, 2.8055260905349786, 2.8326709274563817, 2.8862948529061665, 2.860122182090263, 2.842367101316193, 2.8082173941434547, 2.780055688195082, 2.7836757201646085, 2.788016965615753, 2.7960965398088624, 2.794218170934938, 2.8041859211645064, 2.8048162527633234, 2.798966981600518, 2.79816490698228, 2.7990690432949017, 2.796688060402, 2.8102644192769435, 2.82070637553991, 2.826977341087644, 2.828546278951128, 2.8206722007958374, 2.8130680964527426, 2.8276377444478467, 2.8198992334115567, 2.8166670081284213, 2.8106913362582047, 2.8043329864299564, 2.803019863279258, 2.799646393905384, 2.7802112369486114, 2.7786898602183454, 2.7782109635071257, 2.7941649409924154, 2.7917017746488453, 2.7756366384382547, 2.7687309090909094, 2.7661454953576166, 2.7744397279189195, 2.7640196537768262, 2.7639974669251446, 2.774436132367446, 2.773609729619427, 2.7724237948508654, 2.7858726905417805, 2.810272826582322, 2.8146734292419144, 2.8085375750773736, 2.8160040580893106, 2.8063619059279654, 2.803173104785226, 2.8038307016290847, 2.7927696792844268, 2.785810464238344, 2.794960723735674, 2.7853934169982657, 2.7915095711321967, 2.7815963772404175, 2.7889193279597326, 2.787299116416692, 2.7754745610992075, 2.765076986702037, 2.7580676896915284, 2.762752562663674, 2.761102230384654, 2.7518433425160698, 2.745811209740502, 2.746583450668299, 2.7505013066693875, 2.739691400197258, 2.740538959970072, 2.7342484290718634, 2.729589972451791, 2.717431613100703, 2.7106294486957117, 2.7258824228820187, 2.7309716545930685, 2.732159687106758, 2.7271250253375507, 2.7404910791415844, 2.7555097507057105, 2.7519712546338813, 2.7322732238206986]

listiAveFitEvaNumByThisGen:
[100, 780, 1460, 2137, 2786, 3357, 3909, 4414, 4858, 5239, 5561, 5847, 6099, 6309, 6503, 6692, 6875, 7061, 7240, 7425, 7614, 7804, 8001, 8188, 8370, 8552, 8731, 8912, 9094, 9277, 9461, 9647, 9827, 10007, 10189, 10372, 10555, 10736, 10918, 11099, 11280, 11465, 11645, 11827, 12009, 12191, 12373, 12555, 12735, 12915, 13097, 13278, 13460, 13640, 13821, 14003, 14185, 14367, 14546, 14726, 14905, 15085, 15264, 15449, 15630, 15809, 15989, 16170, 16350, 16529, 16710, 16890, 17071, 17254, 17438, 17618, 17799, 17979, 18160, 18340, 18522, 18702, 18883, 19063, 19242, 19422, 19602, 19780, 19957, 20135, 20315, 20495, 20674, 20856, 21039, 21218, 21398, 21581, 21764, 21944, 22123]
------------------------new instance-----------------------------
listiEveGenLocalSearchedIndNum_AllRunsEve:
[0.0, 10.0, 20.0, 29.933333333333334, 39.733333333333334, 48.6, 55.46666666666667, 61.9, 67.46666666666667, 72.2, 75.56666666666666, 77.93333333333334, 79.06666666666666, 79.53333333333333, 79.63333333333334, 79.73333333333333, 79.8, 79.8, 79.8, 79.8, 79.8, 79.8, 79.8, 79.8, 79.8, 79.8, 79.8, 79.83333333333333, 79.83333333333333, 79.83333333333333, 79.83333333333333, 79.83333333333333, 79.83333333333333, 79.83333333333333, 79.83333333333333, 79.83333333333333, 79.83333333333333, 79.83333333333333, 79.83333333333333, 79.83333333333333, 79.83333333333333, 79.83333333333333, 79.83333333333333, 79.83333333333333, 79.83333333333333, 79.83333333333333, 79.83333333333333, 79.83333333333333, 79.83333333333333, 79.83333333333333, 79.83333333333333, 79.83333333333333, 79.83333333333333, 79.83333333333333, 79.83333333333333, 79.83333333333333, 79.83333333333333, 79.83333333333333, 79.83333333333333, 79.83333333333333, 79.83333333333333, 79.83333333333333, 79.83333333333333, 79.83333333333333, 79.83333333333333, 79.83333333333333, 79.83333333333333, 79.83333333333333, 79.83333333333333, 79.83333333333333, 79.83333333333333, 79.86666666666666, 79.86666666666666, 79.86666666666666, 79.86666666666666, 79.86666666666666, 79.86666666666666, 79.86666666666666, 79.86666666666666, 79.86666666666666, 79.86666666666666, 79.86666666666666, 79.86666666666666, 79.86666666666666, 79.86666666666666, 79.86666666666666, 79.86666666666666, 79.86666666666666, 79.86666666666666, 79.86666666666666, 79.86666666666666, 79.86666666666666, 79.86666666666666, 79.86666666666666, 79.86666666666666, 79.86666666666666, 79.86666666666666, 79.86666666666666, 79.86666666666666, 79.86666666666666, 79.86666666666666]

listfEveGenBestIndFitness_AllRunsAve:
[0.05228200840135342, 0.060791635992821516, 0.07975902074623867, 0.09783547905382174, 0.11286689805028409, 0.12195105472519496, 0.12822854703680353, 0.13287164931918563, 0.13552977440730576, 0.13842826067125605, 0.13939546843520997, 0.13991926672430485, 0.14002866299313219, 0.14002866299313219, 0.14009019750388635, 0.14009019750388635, 0.14009019750388635, 0.14009019750388635, 0.14009019750388635, 0.14009019750388635, 0.14009019750388635, 0.14009019750388635, 0.14009019750388635, 0.14009019750388635, 0.14009019750388635, 0.14009019750388635, 0.14009019750388635, 0.14009019750388635, 0.14009019750388635, 0.14009019750388635, 0.14009019750388635, 0.14009019750388635, 0.14009019750388635, 0.14009019750388635, 0.14009019750388635, 0.14009019750388635, 0.14009019750388635, 0.14009019750388635, 0.14009019750388635, 0.14009019750388635, 0.14009019750388635, 0.14009019750388635, 0.14009019750388635, 0.14009019750388635, 0.14009019750388635, 0.14009019750388635, 0.14009019750388635, 0.14009019750388635, 0.14009019750388635, 0.14009019750388635, 0.14009019750388635, 0.14009019750388635, 0.14009019750388635, 0.14009019750388635, 0.14009019750388635, 0.14009019750388635, 0.14009019750388635, 0.14009019750388635, 0.14009019750388635, 0.14009019750388635, 0.14009019750388635, 0.14009019750388635, 0.14009019750388635, 0.14009019750388635, 0.14009019750388635, 0.14009019750388635, 0.14009019750388635, 0.14009019750388635, 0.14009019750388635, 0.14009019750388635, 0.14009019750388635, 0.14009019750388635, 0.14009019750388635, 0.14009019750388635, 0.14009019750388635, 0.14009019750388635, 0.14009019750388635, 0.14009019750388635, 0.14009019750388635, 0.14009019750388635, 0.14009019750388635, 0.14009019750388635, 0.14009019750388635, 0.14009019750388635, 0.14009019750388635, 0.14009019750388635, 0.14009019750388635, 0.14009019750388635, 0.14009019750388635, 0.14009019750388635, 0.14009019750388635, 0.14009019750388635, 0.14009019750388635, 0.14009019750388635, 0.14009019750388635, 0.14009019750388635, 0.14009019750388635, 0.14009019750388635, 0.14009019750388635, 0.14009019750388635, 0.14009019750388635]

listEveGenDiversityMetric1_AllRunsAve:
[1.0, 1.0, 0.9783333333333334, 0.9356666666666668, 0.9113333333333333, 0.8673333333333334, 0.8473333333333334, 0.8220000000000003, 0.7676666666666667, 0.7180000000000001, 0.7009999999999998, 0.6749999999999997, 0.6549999999999998, 0.643, 0.6343333333333334, 0.6246666666666667, 0.6133333333333333, 0.6020000000000001, 0.593, 0.5836666666666667, 0.5736666666666665, 0.562, 0.5526666666666666, 0.5463333333333333, 0.5386666666666666, 0.5303333333333333, 0.5256666666666667, 0.519, 0.5103333333333334, 0.5006666666666667, 0.494, 0.48466666666666675, 0.475, 0.4666666666666667, 0.46000000000000013, 0.453, 0.44499999999999995, 0.43866666666666665, 0.43266666666666675, 0.4263333333333334, 0.4190000000000001, 0.4116666666666668, 0.4036666666666668, 0.39633333333333326, 0.3899999999999999, 0.3836666666666666, 0.37633333333333324, 0.3703333333333333, 0.36300000000000004, 0.3553333333333333, 0.3499999999999999, 0.3446666666666667, 0.33766666666666667, 0.333, 0.32833333333333337, 0.322, 0.3173333333333333, 0.31166666666666665, 0.30600000000000005, 0.30133333333333334, 0.2960000000000001, 0.2896666666666668, 0.2860000000000001, 0.28033333333333327, 0.27599999999999997, 0.2726666666666666, 0.26999999999999996, 0.26766666666666666, 0.26266666666666666, 0.26066666666666666, 0.2566666666666667, 0.25333333333333335, 0.2510000000000001, 0.2466666666666667, 0.2446666666666667, 0.24166666666666667, 0.23800000000000002, 0.2323333333333333, 0.228, 0.22433333333333338, 0.2216666666666667, 0.21800000000000005, 0.21233333333333337, 0.21133333333333335, 0.20800000000000005, 0.2056666666666667, 0.20199999999999996, 0.19733333333333333, 0.19533333333333333, 0.1913333333333333, 0.18833333333333332, 0.18400000000000002, 0.18100000000000002, 0.17733333333333334, 0.1753333333333333, 0.17233333333333334, 0.169, 0.16700000000000007, 0.16333333333333336, 0.16166666666666668, 0.15833333333333335]

listfEveGenProportion_belongToLocalSearchedIndNeighbor_exceptCurrLocalSearchedInd_AllRunsAve:
[0.0, 0.0, 0.0, 0.005666666666666667, 0.020000000000000004, 0.106, 0.24666666666666665, 0.3313333333333333, 0.46266666666666667, 0.5876666666666668, 0.6963333333333334, 0.824, 0.9236666666666664, 0.966333333333333, 0.9876666666666665, 0.9839999999999999, 0.9879999999999998, 0.9913333333333332, 0.9913333333333332, 0.9893333333333331, 0.9886666666666664, 0.9876666666666664, 0.9866666666666664, 0.9856666666666664, 0.9846666666666662, 0.9856666666666665, 0.9836666666666664, 0.9806666666666665, 0.9829999999999998, 0.9826666666666666, 0.9826666666666666, 0.9806666666666666, 0.9806666666666666, 0.9796666666666666, 0.9793333333333333, 0.979, 0.9796666666666666, 0.9799999999999999, 0.9803333333333332, 0.9803333333333332, 0.9809999999999999, 0.9799999999999999, 0.9793333333333331, 0.9789999999999999, 0.9803333333333332, 0.9806666666666665, 0.9803333333333334, 0.9806666666666666, 0.98, 0.981, 0.9806666666666666, 0.9803333333333334, 0.9809999999999999, 0.9806666666666666, 0.9809999999999999, 0.9819999999999999, 0.9816666666666666, 0.9813333333333333, 0.9829999999999999, 0.9836666666666665, 0.9839999999999998, 0.9853333333333332, 0.9853333333333332, 0.9856666666666666, 0.9853333333333333, 0.9843333333333333, 0.9836666666666666, 0.983, 0.9823333333333333, 0.9816666666666667, 0.9806666666666667, 0.9786666666666667, 0.9803333333333334, 0.9806666666666667, 0.9796666666666667, 0.9793333333333333, 0.9800000000000001, 0.9793333333333334, 0.9793333333333334, 0.979, 0.9800000000000001, 0.9796666666666667, 0.9796666666666667, 0.979, 0.978, 0.977, 0.9776666666666666, 0.977, 0.9766666666666667, 0.977, 0.9766666666666666, 0.9786666666666667, 0.9786666666666666, 0.9789999999999999, 0.9793333333333332, 0.9789999999999999, 0.9783333333333333, 0.9776666666666666, 0.978, 0.979, 0.9793333333333333]

listiAveDiversityMetric2EveGen:
[12.50285978845696, 72.8855786892494, 34.45318113797912, 19.209431606298672, 11.562260482263715, 7.062164034962419, 4.955315193687719, 3.295246418392681, 2.5743590871679767, 2.1118300962486822, 1.9276269278645037, 1.7751305404210451, 1.735108854198551, 1.6828300119035475, 1.6698877692752443, 1.6441250566268748, 1.6556461231847093, 1.6619829432370847, 1.6652538176376561, 1.6694941087644117, 1.6629274250926778, 1.6572059885045742, 1.646768397782539, 1.6475497915178723, 1.6364145522565723, 1.635181006019794, 1.6394024582525586, 1.6522101867156413, 1.6393892011019282, 1.6395437336326224, 1.6392064959357886, 1.6325618011767502, 1.634580027888311, 1.6352935169880627, 1.631635580042853, 1.6328900425126693, 1.6245420725776285, 1.623036324184607, 1.6189166670067683, 1.6161848478046459, 1.6204252368805903, 1.6181746012311664, 1.6092542175968438, 1.6052735122266435, 1.603170105091317, 1.5984746141550181, 1.5993355072611637, 1.596848495731728, 1.5928794177464882, 1.5952005550454038, 1.5900070741080838, 1.5807907587661127, 1.5650748930381253, 1.5597948154950179, 1.5527700955684796, 1.5436385810971667, 1.540838830051355, 1.5403498228071966, 1.5311531694044827, 1.5199645573580927, 1.5142425997347204, 1.5085466258545044, 1.5025866530626122, 1.503464649185457, 1.490879816345271, 1.4882150297588683, 1.4918226589123555, 1.4947307431214498, 1.4879662945957892, 1.4850052062714687, 1.4861372839506175, 1.487789519436792, 1.4908342999013702, 1.4871192925891914, 1.4858439206883647, 1.482635835799068, 1.4675825500799238, 1.45465265993266, 1.4417676822092989, 1.42730869775193, 1.414778766792504, 1.407764536952012, 1.392281924973642, 1.3849617181920213, 1.3747197891371628, 1.3675132197394824, 1.363508269224229, 1.360802315409992, 1.3596980716253444, 1.351298973574125, 1.344097629493589, 1.3303117260143522, 1.3206402149440533, 1.3086183287419646, 1.3080371662755497, 1.3027711689283406, 1.3070569642553485, 1.3043085698738222, 1.2996670666258543, 1.3021413420399277, 1.296658519198721]

listiAveFitEvaNumByThisGen:
[100, 780, 1462, 2135, 2805, 3427, 3954, 4456, 4913, 5329, 5677, 5975, 6212, 6417, 6603, 6789, 6972, 7153, 7331, 7512, 7691, 7869, 8049, 8229, 8409, 8590, 8769, 8951, 9131, 9312, 9492, 9674, 9854, 10034, 10216, 10397, 10578, 10758, 10939, 11120, 11302, 11483, 11662, 11842, 12022, 12203, 12383, 12563, 12743, 12924, 13105, 13285, 13464, 13643, 13824, 14004, 14185, 14367, 14546, 14726, 14905, 15085, 15263, 15442, 15621, 15801, 15979, 16159, 16338, 16517, 16698, 16880, 17059, 17239, 17420, 17599, 17781, 17961, 18141, 18322, 18503, 18684, 18865, 19043, 19222, 19402, 19582, 19760, 19937, 20115, 20295, 20475, 20654, 20834, 21015, 21194, 21374, 21554, 21734, 21912, 22091]
------------------------new instance-----------------------------
listiEveGenLocalSearchedIndNum_AllRunsEve:
[0.0, 10.0, 19.966666666666665, 29.933333333333334, 39.7, 48.4, 55.13333333333333, 61.666666666666664, 66.66666666666667, 70.93333333333334, 73.83333333333333, 75.7, 76.63333333333334, 77.06666666666666, 77.23333333333333, 77.33333333333333, 77.33333333333333, 77.4, 77.4, 77.4, 77.4, 77.4, 77.43333333333334, 77.46666666666667, 77.5, 77.5, 77.5, 77.5, 77.53333333333333, 77.53333333333333, 77.53333333333333, 77.56666666666666, 77.56666666666666, 77.56666666666666, 77.6, 77.63333333333334, 77.66666666666667, 77.66666666666667, 77.66666666666667, 77.7, 77.7, 77.76666666666667, 77.83333333333333, 77.83333333333333, 77.86666666666666, 77.86666666666666, 77.86666666666666, 77.86666666666666, 77.86666666666666, 77.86666666666666, 77.86666666666666, 77.86666666666666, 77.86666666666666, 77.86666666666666, 77.9, 77.9, 77.93333333333334, 77.96666666666667, 77.96666666666667, 78.0, 78.06666666666666, 78.13333333333334, 78.16666666666667, 78.16666666666667, 78.16666666666667, 78.16666666666667, 78.16666666666667, 78.16666666666667, 78.16666666666667, 78.2, 78.2, 78.2, 78.2, 78.2, 78.2, 78.2, 78.2, 78.2, 78.23333333333333, 78.23333333333333, 78.23333333333333, 78.23333333333333, 78.23333333333333, 78.23333333333333, 78.26666666666667, 78.33333333333333, 78.33333333333333, 78.33333333333333, 78.33333333333333, 78.33333333333333, 78.33333333333333, 78.36666666666666, 78.36666666666666, 78.4, 78.4, 78.43333333333334, 78.43333333333334, 78.46666666666667, 78.46666666666667, 78.46666666666667, 78.46666666666667]

listfEveGenBestIndFitness_AllRunsAve:
[0.05317097434132859, 0.06164783306504893, 0.08146711768239727, 0.09952499615855256, 0.11666497045091892, 0.12870121535960427, 0.13512733370127966, 0.13936826592698356, 0.1415589143579043, 0.1430997717950389, 0.14398316340359316, 0.14418188449516314, 0.14441184388628164, 0.1444345418975302, 0.14446183962963047, 0.14446183962963047, 0.14446183962963047, 0.14446183962963047, 0.14446183962963047, 0.14446183962963047, 0.14446183962963047, 0.14446183962963047, 0.14446548529285227, 0.14446548529285227, 0.14446548529285227, 0.14446548529285227, 0.14446548529285227, 0.14446548529285227, 0.14446548529285227, 0.14446548529285227, 0.14446548529285227, 0.14446913095607405, 0.14446913095607405, 0.14446913095607405, 0.14460095171110698, 0.14460095171110698, 0.14460095171110698, 0.14460095171110698, 0.14460095171110698, 0.14460095171110698, 0.14460095171110698, 0.14460824303755057, 0.14460824303755057, 0.14460824303755057, 0.14460824303755057, 0.14460824303755057, 0.14460824303755057, 0.14460824303755057, 0.14460824303755057, 0.14460824303755057, 0.14460824303755057, 0.14460824303755057, 0.14460824303755057, 0.14460824303755057, 0.1446493582945689, 0.1446493582945689, 0.1446493582945689, 0.1446493582945689, 0.1446493582945689, 0.14478117904960183, 0.14484918653636789, 0.1448718845476164, 0.1448718845476164, 0.1448718845476164, 0.1448718845476164, 0.1448718845476164, 0.1448718845476164, 0.1448718845476164, 0.1448718845476164, 0.1448718845476164, 0.1448718845476164, 0.1448718845476164, 0.1448718845476164, 0.1448718845476164, 0.1448718845476164, 0.1448718845476164, 0.1448718845476164, 0.1448718845476164, 0.1448718845476164, 0.1448718845476164, 0.1448718845476164, 0.1448718845476164, 0.1448718845476164, 0.1448718845476164, 0.1448718845476164, 0.1448718845476164, 0.1448718845476164, 0.1448718845476164, 0.1448718845476164, 0.1448718845476164, 0.1448718845476164, 0.1448718845476164, 0.1448718845476164, 0.1448718845476164, 0.1448718845476164, 0.1448718845476164, 0.1448718845476164, 0.1448755302108382, 0.1448755302108382, 0.1448755302108382, 0.1448755302108382]

listEveGenDiversityMetric1_AllRunsAve:
[1.0, 1.0, 0.9893333333333332, 0.9343333333333333, 0.9070000000000003, 0.8849999999999999, 0.8606666666666666, 0.8216666666666665, 0.7860000000000001, 0.7303333333333334, 0.7133333333333334, 0.7003333333333333, 0.6969999999999998, 0.6903333333333335, 0.6843333333333333, 0.6776666666666669, 0.6666666666666666, 0.6543333333333334, 0.6486666666666667, 0.6406666666666665, 0.6363333333333332, 0.6283333333333332, 0.6196666666666666, 0.6116666666666666, 0.6036666666666667, 0.5966666666666666, 0.5900000000000001, 0.5813333333333334, 0.576, 0.5680000000000001, 0.5626666666666666, 0.5533333333333332, 0.5473333333333333, 0.538, 0.5333333333333333, 0.525, 0.5193333333333334, 0.5133333333333334, 0.5066666666666667, 0.5, 0.49133333333333334, 0.4873333333333333, 0.4809999999999999, 0.4743333333333333, 0.47, 0.46499999999999997, 0.4580000000000001, 0.452, 0.4450000000000001, 0.43833333333333346, 0.4330000000000001, 0.42866666666666675, 0.42033333333333334, 0.4153333333333334, 0.41366666666666674, 0.4089999999999999, 0.40199999999999997, 0.39966666666666667, 0.396, 0.39066666666666666, 0.38766666666666666, 0.38299999999999995, 0.37833333333333324, 0.37533333333333335, 0.3706666666666667, 0.3683333333333334, 0.3643333333333334, 0.3593333333333334, 0.3543333333333333, 0.3526666666666667, 0.3499999999999999, 0.3476666666666667, 0.3449999999999999, 0.3403333333333333, 0.33766666666666656, 0.3349999999999999, 0.33299999999999996, 0.328, 0.3233333333333333, 0.3183333333333333, 0.31566666666666665, 0.31166666666666665, 0.30866666666666664, 0.30566666666666664, 0.3036666666666667, 0.3036666666666667, 0.3006666666666667, 0.2963333333333334, 0.29300000000000004, 0.2893333333333334, 0.2863333333333334, 0.2843333333333334, 0.2806666666666667, 0.27566666666666667, 0.27299999999999996, 0.2706666666666667, 0.26833333333333337, 0.2656666666666667, 0.26033333333333336, 0.2556666666666667, 0.25466666666666665]

listfEveGenProportion_belongToLocalSearchedIndNeighbor_exceptCurrLocalSearchedInd_AllRunsAve:
[0.0, 0.0, 0.0, 0.005333333333333333, 0.029666666666666678, 0.09099999999999998, 0.22866666666666668, 0.3376666666666666, 0.503, 0.6436666666666666, 0.7806666666666666, 0.8426666666666666, 0.9233333333333331, 0.9539999999999996, 0.9786666666666666, 0.9829999999999999, 0.9906666666666664, 0.9863333333333331, 0.9876666666666665, 0.9873333333333332, 0.984, 0.9846666666666667, 0.9796666666666668, 0.9783333333333334, 0.9776666666666667, 0.9786666666666669, 0.9786666666666669, 0.9786666666666668, 0.9760000000000003, 0.9773333333333335, 0.9760000000000001, 0.9736666666666666, 0.975, 0.974, 0.9676666666666667, 0.971, 0.972333333333333, 0.9729999999999998, 0.9723333333333332, 0.9683333333333333, 0.9716666666666665, 0.9666666666666665, 0.9686666666666663, 0.9716666666666663, 0.9676666666666665, 0.9679999999999997, 0.9676666666666665, 0.9669999999999997, 0.967333333333333, 0.9676666666666666, 0.9683333333333332, 0.9683333333333332, 0.9673333333333332, 0.9669999999999999, 0.9626666666666667, 0.9656666666666668, 0.9636666666666666, 0.9616666666666666, 0.965, 0.962, 0.9596666666666667, 0.9603333333333333, 0.963333333333333, 0.9649999999999999, 0.9659999999999999, 0.9663333333333333, 0.9666666666666665, 0.9666666666666665, 0.9673333333333332, 0.966, 0.9676666666666667, 0.9676666666666666, 0.9669999999999999, 0.9666666666666666, 0.9663333333333332, 0.9656666666666666, 0.9646666666666667, 0.9643333333333334, 0.9640000000000001, 0.966, 0.9656666666666667, 0.9653333333333334, 0.9656666666666667, 0.9656666666666667, 0.962, 0.9603333333333332, 0.9626666666666666, 0.9623333333333334, 0.962, 0.9613333333333334, 0.9623333333333333, 0.9613333333333334, 0.9613333333333335, 0.9616666666666666, 0.9616666666666666, 0.9600000000000001, 0.962, 0.9606666666666668, 0.9613333333333333, 0.9613333333333334, 0.9616666666666667]

listiAveDiversityMetric2EveGen:
[12.50285978845696, 70.25961250756727, 33.50091051117233, 17.895987880148287, 12.029158138965414, 7.201635577322041, 5.028740842771144, 3.4492956337788665, 2.829023452028705, 2.554000248954188, 2.392484021358365, 2.337709863619359, 2.359226606808829, 2.34987575553515, 2.3390204033602013, 2.3133695228378053, 2.3175213495221576, 2.3080371322654147, 2.2994825276332347, 2.3022295058327384, 2.3090627146889773, 2.3090302690201683, 2.3038219433391154, 2.3114922096384727, 2.312474193789749, 2.3225771247831855, 2.326392302826242, 2.321550655375302, 2.3275311512430705, 2.3398027915518833, 2.343251736217393, 2.344706953712206, 2.348905850423426, 2.3598414134612113, 2.3917353508145425, 2.3880523415977963, 2.383504209774513, 2.3902860102710615, 2.3801035363738396, 2.3909079957827433, 2.395612630003741, 2.4011127381559705, 2.402641624324049, 2.4003112444308403, 2.40790292963303, 2.4088096956092913, 2.411712053872053, 2.4142551467537325, 2.4104626575519505, 2.4062389620106788, 2.3956626942828962, 2.3986859381695753, 2.403122167125804, 2.40306550624086, 2.4071598190660812, 2.4025751916471108, 2.395521877359452, 2.4263115219535423, 2.4315702479338843, 2.446682497704316, 2.4598452416420096, 2.4658387987620314, 2.4668808516137806, 2.4690982770465597, 2.467522273237425, 2.472838416488113, 2.474966242900384, 2.4808134802571167, 2.476416501717512, 2.4757160221746086, 2.4844339965309663, 2.4844692296704425, 2.4860396258885156, 2.4956411454613474, 2.5043521259735404, 2.509537070366969, 2.5111690915892932, 2.5205993402033804, 2.5215335142672517, 2.5246776464986573, 2.527308832432065, 2.529484062170526, 2.5258447763833627, 2.5200567193823757, 2.514818550488046, 2.524894723667653, 2.530397567595144, 2.5236487746148355, 2.529935558956569, 2.528885491956603, 2.526579200761827, 2.528858938203584, 2.5216107335986124, 2.520298281127775, 2.519453502023602, 2.51584611094106, 2.5115626799986397, 2.5090672774886906, 2.50744823181308, 2.503549791517872, 2.505117026153793]

listiAveFitEvaNumByThisGen:
[100, 780, 1460, 2135, 2803, 3417, 3937, 4444, 4873, 5266, 5591, 5863, 6090, 6294, 6483, 6669, 6848, 7033, 7211, 7392, 7571, 7749, 7931, 8113, 8294, 8475, 8654, 8834, 9016, 9197, 9377, 9560, 9740, 9921, 10104, 10287, 10470, 10649, 10831, 11014, 11195, 11380, 11562, 11742, 11924, 12104, 12285, 12465, 12645, 12825, 13007, 13187, 13365, 13545, 13727, 13908, 14090, 14273, 14453, 14635, 14817, 15000, 15179, 15359, 15538, 15717, 15895, 16075, 16255, 16436, 16617, 16797, 16976, 17156, 17337, 17516, 17698, 17878, 18060, 18240, 18422, 18602, 18783, 18961, 19142, 19325, 19505, 19683, 19861, 20038, 20218, 20400, 20579, 20761, 20942, 21123, 21303, 21484, 21664, 21842, 22021]
------------------------new instance-----------------------------
listiEveGenLocalSearchedIndNum_AllRunsEve:
[0.0, 10.0, 20.0, 30.0, 39.7, 48.13333333333333, 55.03333333333333, 61.9, 68.03333333333333, 72.66666666666667, 75.73333333333333, 78.16666666666667, 79.43333333333334, 79.9, 80.16666666666667, 80.2, 80.2, 80.2, 80.2, 80.23333333333333, 80.23333333333333, 80.23333333333333, 80.23333333333333, 80.23333333333333, 80.23333333333333, 80.23333333333333, 80.23333333333333, 80.23333333333333, 80.23333333333333, 80.23333333333333, 80.23333333333333, 80.23333333333333, 80.3, 80.36666666666666, 80.4, 80.43333333333334, 80.5, 80.53333333333333, 80.56666666666666, 80.56666666666666, 80.56666666666666, 80.56666666666666, 80.56666666666666, 80.56666666666666, 80.56666666666666, 80.56666666666666, 80.56666666666666, 80.56666666666666, 80.56666666666666, 80.56666666666666, 80.6, 80.6, 80.6, 80.6, 80.6, 80.6, 80.6, 80.6, 80.6, 80.6, 80.6, 80.6, 80.6, 80.6, 80.6, 80.6, 80.6, 80.6, 80.6, 80.6, 80.6, 80.6, 80.6, 80.6, 80.6, 80.63333333333334, 80.63333333333334, 80.63333333333334, 80.63333333333334, 80.63333333333334, 80.63333333333334, 80.66666666666667, 80.66666666666667, 80.66666666666667, 80.66666666666667, 80.66666666666667, 80.66666666666667, 80.66666666666667, 80.66666666666667, 80.66666666666667, 80.66666666666667, 80.66666666666667, 80.66666666666667, 80.66666666666667, 80.66666666666667, 80.66666666666667, 80.66666666666667, 80.66666666666667, 80.66666666666667, 80.66666666666667, 80.66666666666667]

listfEveGenBestIndFitness_AllRunsAve:
[0.05268335938379445, 0.06038852427927226, 0.0791460785331524, 0.10006664233700299, 0.11639946334076559, 0.1285738719151747, 0.13698286708590848, 0.1436533278765278, 0.14708493186630905, 0.1500141295079915, 0.15150775771241856, 0.1524504976869456, 0.15301471734164088, 0.15301471734164088, 0.15301471734164088, 0.15301471734164088, 0.15301471734164088, 0.15301471734164088, 0.15301471734164088, 0.15301471734164088, 0.15301471734164088, 0.15301471734164088, 0.15301471734164088, 0.15301471734164088, 0.15301471734164088, 0.15301471734164088, 0.15301471734164088, 0.15301471734164088, 0.15301471734164088, 0.15301471734164088, 0.15301471734164088, 0.15301471734164088, 0.15306530782279712, 0.15306530782279712, 0.15306530782279712, 0.15311589830395336, 0.15311589830395336, 0.15311589830395336, 0.15311589830395336, 0.15311589830395336, 0.15311589830395336, 0.15311589830395336, 0.15311589830395336, 0.15311589830395336, 0.15311589830395336, 0.15311589830395336, 0.15311589830395336, 0.15311589830395336, 0.15311589830395336, 0.15311589830395336, 0.15311589830395336, 0.15311589830395336, 0.15311589830395336, 0.15311589830395336, 0.15311589830395336, 0.15311589830395336, 0.15311589830395336, 0.15311589830395336, 0.15311589830395336, 0.15311589830395336, 0.15311589830395336, 0.15311589830395336, 0.15311589830395336, 0.15311589830395336, 0.15311589830395336, 0.15311589830395336, 0.15311589830395336, 0.15311589830395336, 0.15311589830395336, 0.15311589830395336, 0.15311589830395336, 0.15311589830395336, 0.15311589830395336, 0.15311589830395336, 0.15311589830395336, 0.15311589830395336, 0.15311589830395336, 0.15311589830395336, 0.15311589830395336, 0.15311589830395336, 0.15311589830395336, 0.15316648878510958, 0.15316648878510958, 0.15316648878510958, 0.15316648878510958, 0.15316648878510958, 0.15316648878510958, 0.15316648878510958, 0.15316648878510958, 0.15316648878510958, 0.15316648878510958, 0.15316648878510958, 0.15316648878510958, 0.15316648878510958, 0.15316648878510958, 0.15316648878510958, 0.15316648878510958, 0.15316648878510958, 0.15316648878510958, 0.15316648878510958, 0.15316648878510958]

listEveGenDiversityMetric1_AllRunsAve:
[1.0, 1.0, 0.9883333333333332, 0.9453333333333332, 0.8886666666666667, 0.8876666666666666, 0.8793333333333333, 0.8403333333333336, 0.7946666666666666, 0.7483333333333334, 0.7386666666666667, 0.7200000000000001, 0.695, 0.6869999999999998, 0.6753333333333331, 0.6639999999999999, 0.652, 0.6423333333333333, 0.638, 0.6303333333333333, 0.6209999999999999, 0.613, 0.6033333333333334, 0.5976666666666666, 0.5916666666666666, 0.5853333333333333, 0.5823333333333334, 0.5736666666666668, 0.5663333333333334, 0.5593333333333333, 0.5509999999999999, 0.5426666666666667, 0.5363333333333333, 0.5263333333333333, 0.5173333333333333, 0.5136666666666667, 0.5070000000000001, 0.5026666666666667, 0.4963333333333334, 0.4916666666666668, 0.48500000000000004, 0.4783333333333334, 0.47033333333333344, 0.4636666666666667, 0.45800000000000013, 0.451, 0.44500000000000006, 0.4423333333333333, 0.4373333333333334, 0.4313333333333334, 0.42566666666666664, 0.4213333333333332, 0.41433333333333333, 0.4116666666666667, 0.40733333333333327, 0.4013333333333334, 0.39666666666666667, 0.39200000000000007, 0.38500000000000006, 0.38000000000000006, 0.3760000000000001, 0.37133333333333346, 0.36600000000000005, 0.3646666666666667, 0.36099999999999993, 0.35766666666666663, 0.3543333333333333, 0.34733333333333327, 0.3429999999999999, 0.33699999999999997, 0.33366666666666667, 0.3306666666666667, 0.3276666666666667, 0.32300000000000006, 0.3196666666666667, 0.31866666666666676, 0.3166666666666667, 0.3150000000000001, 0.3130000000000001, 0.3070000000000001, 0.30199999999999994, 0.2993333333333333, 0.2943333333333333, 0.293, 0.29, 0.2853333333333333, 0.2826666666666667, 0.2793333333333334, 0.27466666666666667, 0.2716666666666666, 0.26799999999999996, 0.2663333333333333, 0.26433333333333336, 0.26033333333333336, 0.25700000000000006, 0.2526666666666667, 0.24933333333333338, 0.246, 0.24400000000000005, 0.23900000000000005, 0.23566666666666664]

listfEveGenProportion_belongToLocalSearchedIndNeighbor_exceptCurrLocalSearchedInd_AllRunsAve:
[0.0, 0.0, 0.0, 0.0033333333333333335, 0.03533333333333334, 0.12033333333333332, 0.21866666666666665, 0.3086666666666667, 0.42733333333333323, 0.5946666666666667, 0.7213333333333334, 0.8063333333333332, 0.8939999999999998, 0.9486666666666665, 0.9823333333333331, 0.9923333333333332, 0.9919999999999997, 0.9916666666666665, 0.9906666666666664, 0.9863333333333332, 0.9896666666666665, 0.9886666666666664, 0.9883333333333331, 0.9883333333333332, 0.9876666666666665, 0.9869999999999998, 0.9863333333333331, 0.9866666666666664, 0.9859999999999999, 0.9849999999999997, 0.9839999999999998, 0.9836666666666665, 0.9776666666666664, 0.9809999999999998, 0.9816666666666664, 0.9769999999999998, 0.9799999999999998, 0.9806666666666665, 0.9803333333333331, 0.9816666666666664, 0.9813333333333331, 0.9823333333333332, 0.9826666666666664, 0.9826666666666665, 0.9823333333333332, 0.9823333333333331, 0.9819999999999997, 0.9803333333333331, 0.9789999999999998, 0.9789999999999998, 0.9766666666666665, 0.9773333333333333, 0.977, 0.9766666666666666, 0.9760000000000001, 0.9756666666666667, 0.9760000000000001, 0.9756666666666667, 0.9756666666666667, 0.9750000000000001, 0.9743333333333334, 0.9746666666666666, 0.9753333333333332, 0.9756666666666666, 0.9756666666666666, 0.9753333333333333, 0.9753333333333333, 0.9746666666666666, 0.9743333333333333, 0.973, 0.9726666666666666, 0.9729999999999998, 0.973, 0.973333333333333, 0.9729999999999998, 0.9699999999999999, 0.9723333333333332, 0.9713333333333334, 0.9703333333333332, 0.9693333333333333, 0.9686666666666667, 0.9646666666666666, 0.9696666666666667, 0.9696666666666666, 0.9689999999999999, 0.9689999999999999, 0.9693333333333333, 0.9696666666666666, 0.969, 0.97, 0.9689999999999999, 0.9686666666666665, 0.9686666666666665, 0.969333333333333, 0.9699999999999999, 0.9696666666666666, 0.9706666666666666, 0.9703333333333332, 0.9706666666666666, 0.9709999999999999, 0.9706666666666665]

listiAveDiversityMetric2EveGen:
[12.50285978845696, 71.91413328299834, 33.18000614223039, 18.939344283236412, 10.950257010509135, 7.282033222460296, 5.425075403190151, 3.8916713682277324, 2.993084874332551, 2.3021173676155495, 2.150003522089583, 2.0641219508213444, 1.9739005053906067, 1.953879621807298, 1.929817640376832, 1.9246996048022311, 1.9133798075026354, 1.9059877631534197, 1.9141273217018673, 1.9335967853620377, 1.9311616433697243, 1.927984983845186, 1.9296049464340372, 1.9276433452368804, 1.9253749127640034, 1.9265344733530587, 1.931889137843077, 1.923211849131041, 1.9271954684896104, 1.9229143964901543, 1.9276307301975988, 1.9288355024997448, 1.915468191681121, 1.9042591504268271, 1.8988262122912625, 1.9004397170356764, 1.9064219215726288, 1.9088337775056972, 1.9083995932387856, 1.9053274631840287, 1.9042118028772572, 1.8934343243886682, 1.8870972989150765, 1.8818444444444442, 1.8796941522973851, 1.8779016304458729, 1.8755743073835995, 1.8827961663775803, 1.8886500153045607, 1.8894331408359692, 1.8814756344590688, 1.8922933346937387, 1.8934609080706046, 1.8873505683093559, 1.8857443294901877, 1.8837602326293235, 1.878653935992926, 1.8704151521953543, 1.862507499234772, 1.858277347209469, 1.85236220657756, 1.8500624466891138, 1.8491762935754854, 1.84592914872632, 1.8460395102540554, 1.8452568608645377, 1.835058368193722, 1.8327478338945007, 1.8286314117607048, 1.831395484814475, 1.8416715246743531, 1.8389583226201405, 1.8355060966568033, 1.8244239159269464, 1.8272828459680985, 1.834180506751012, 1.8342243920688368, 1.8291881345440946, 1.8302021426385064, 1.836258457980478, 1.838412827262524, 1.8508077026153795, 1.8452198918477707, 1.8454836037139069, 1.8507707934564503, 1.850176505798728, 1.849821426385063, 1.8540302404516544, 1.8579359779614322, 1.8595730000340098, 1.8570925837499574, 1.8623266483011938, 1.8585385844981805, 1.8506394354317584, 1.8545979117777094, 1.8521621276740465, 1.859514132571506, 1.865529120157807, 1.8722455763017378, 1.8740117811107706, 1.872462411318573]

listiAveFitEvaNumByThisGen:
[100, 780, 1462, 2139, 2803, 3404, 3932, 4456, 4942, 5352, 5686, 5987, 6230, 6435, 6630, 6812, 6992, 7173, 7351, 7534, 7713, 7891, 8071, 8251, 8430, 8612, 8791, 8971, 9151, 9332, 9512, 9694, 9877, 10061, 10244, 10427, 10611, 10793, 10976, 11157, 11338, 11520, 11698, 11878, 12059, 12239, 12420, 12600, 12780, 12960, 13143, 13323, 13502, 13682, 13862, 14043, 14224, 14405, 14584, 14765, 14943, 15123, 15301, 15480, 15660, 15839, 16017, 16197, 16376, 16556, 16737, 16917, 17096, 17276, 17457, 17638, 17819, 17999, 18180, 18360, 18542, 18724, 18905, 19083, 19262, 19442, 19622, 19800, 19977, 20155, 20335, 20515, 20694, 20874, 21055, 21234, 21414, 21594, 21774, 21952, 22131]
------------------------new instance-----------------------------
listiEveGenLocalSearchedIndNum_AllRunsEve:
[0.0, 10.0, 20.0, 29.9, 39.53333333333333, 47.833333333333336, 55.06666666666667, 61.666666666666664, 67.86666666666666, 72.7, 75.63333333333334, 77.8, 79.13333333333334, 79.66666666666667, 79.93333333333334, 80.2, 80.36666666666666, 80.36666666666666, 80.43333333333334, 80.63333333333334, 80.73333333333333, 80.83333333333333, 80.93333333333334, 80.96666666666667, 80.96666666666667, 80.96666666666667, 80.96666666666667, 81.06666666666666, 81.16666666666667, 81.23333333333333, 81.26666666666667, 81.3, 81.3, 81.3, 81.3, 81.33333333333333, 81.36666666666666, 81.36666666666666, 81.4, 81.43333333333334, 81.43333333333334, 81.43333333333334, 81.43333333333334, 81.43333333333334, 81.43333333333334, 81.43333333333334, 81.43333333333334, 81.43333333333334, 81.46666666666667, 81.53333333333333, 81.63333333333334, 81.7, 81.7, 81.7, 81.7, 81.73333333333333, 81.83333333333333, 81.96666666666667, 82.1, 82.16666666666667, 82.16666666666667, 82.16666666666667, 82.16666666666667, 82.16666666666667, 82.16666666666667, 82.16666666666667, 82.16666666666667, 82.16666666666667, 82.26666666666667, 82.46666666666667, 82.66666666666667, 82.73333333333333, 82.73333333333333, 82.76666666666667, 82.76666666666667, 82.8, 82.9, 83.0, 83.0, 83.0, 83.03333333333333, 83.03333333333333, 83.03333333333333, 83.1, 83.1, 83.1, 83.1, 83.1, 83.13333333333334, 83.13333333333334, 83.16666666666667, 83.16666666666667, 83.16666666666667, 83.16666666666667, 83.16666666666667, 83.2, 83.23333333333333, 83.3, 83.36666666666666, 83.43333333333334, 83.43333333333334]

listfEveGenBestIndFitness_AllRunsAve:
[0.056449899943252044, 0.06477200283640536, 0.08365029108251618, 0.10103913295787886, 0.11558180862526281, 0.1251417790248759, 0.13008339326481336, 0.1334223980978696, 0.1359986630820684, 0.137041604400826, 0.13818388371510387, 0.13861359543583532, 0.13885651086529, 0.13902085469431155, 0.13902085469431155, 0.13913415686251793, 0.13913415686251793, 0.13913415686251793, 0.13928345944011317, 0.13928853658310567, 0.13928853658310567, 0.13929360049065528, 0.13929360049065528, 0.13929360049065528, 0.13929360049065528, 0.13929360049065528, 0.13929360049065528, 0.13929360049065528, 0.1393831150626305, 0.1393831150626305, 0.1393831150626305, 0.1393831150626305, 0.1393831150626305, 0.1393831150626305, 0.1393831150626305, 0.1393831150626305, 0.1393831150626305, 0.1393831150626305, 0.1393831150626305, 0.1393831150626305, 0.1393831150626305, 0.1393831150626305, 0.1393831150626305, 0.1393831150626305, 0.1393831150626305, 0.1393831150626305, 0.1393831150626305, 0.1393831150626305, 0.13952600876220983, 0.13953108590520236, 0.13953108590520236, 0.13953108590520236, 0.13953108590520236, 0.13953108590520236, 0.13953108590520236, 0.13959737872009753, 0.13959737872009753, 0.13960245586309003, 0.13960779294195075, 0.13960779294195075, 0.13960779294195075, 0.13960779294195075, 0.13960779294195075, 0.13960779294195075, 0.13960779294195075, 0.13960779294195075, 0.13960779294195075, 0.13960779294195075, 0.1398976264053932, 0.1399037346270945, 0.1399037346270945, 0.1399037346270945, 0.1399037346270945, 0.1399037346270945, 0.1399037346270945, 0.14005170546966633, 0.14005170546966633, 0.14005170546966633, 0.14005170546966633, 0.14005170546966633, 0.14005170546966633, 0.14005170546966633, 0.14005170546966633, 0.1401037444015371, 0.1401037444015371, 0.1401037444015371, 0.1401037444015371, 0.1401037444015371, 0.1401088215445296, 0.1401088215445296, 0.1401088215445296, 0.1401088215445296, 0.1401088215445296, 0.1401088215445296, 0.1401088215445296, 0.1401088215445296, 0.14016727781512625, 0.14025679238710148, 0.14025679238710148, 0.14025679238710148, 0.14025679238710148]

listEveGenDiversityMetric1_AllRunsAve:
[1.0, 1.0, 0.989, 0.9546666666666666, 0.8959999999999998, 0.8746666666666666, 0.8479999999999998, 0.8176666666666667, 0.7779999999999999, 0.747, 0.7340000000000001, 0.7210000000000001, 0.7086666666666666, 0.6983333333333335, 0.6936666666666668, 0.6863333333333334, 0.6793333333333333, 0.6726666666666666, 0.6676666666666666, 0.6636666666666666, 0.6563333333333333, 0.6503333333333333, 0.6426666666666669, 0.6360000000000002, 0.6279999999999999, 0.6206666666666666, 0.615, 0.6076666666666668, 0.6, 0.5926666666666667, 0.5873333333333334, 0.5806666666666666, 0.5733333333333334, 0.5650000000000001, 0.5583333333333333, 0.5533333333333335, 0.5453333333333334, 0.5403333333333333, 0.5370000000000001, 0.5306666666666667, 0.525, 0.519, 0.5123333333333333, 0.5073333333333333, 0.5016666666666667, 0.49833333333333335, 0.49233333333333346, 0.48933333333333345, 0.48666666666666664, 0.48300000000000004, 0.4803333333333334, 0.4770000000000001, 0.471, 0.46799999999999997, 0.4663333333333334, 0.4626666666666667, 0.4633333333333333, 0.45733333333333337, 0.45466666666666666, 0.4496666666666666, 0.4473333333333334, 0.4436666666666667, 0.44, 0.43799999999999994, 0.43499999999999994, 0.43299999999999994, 0.4306666666666666, 0.4249999999999999, 0.42633333333333323, 0.42666666666666664, 0.42699999999999994, 0.423, 0.4196666666666667, 0.4143333333333333, 0.4103333333333332, 0.4106666666666666, 0.41000000000000003, 0.4056666666666667, 0.4013333333333334, 0.3973333333333333, 0.39499999999999985, 0.3909999999999999, 0.38766666666666666, 0.3853333333333334, 0.38266666666666665, 0.37900000000000006, 0.37533333333333346, 0.3733333333333334, 0.37000000000000005, 0.3676666666666667, 0.36500000000000005, 0.36233333333333323, 0.3596666666666666, 0.3553333333333333, 0.353, 0.35233333333333333, 0.3526666666666667, 0.3486666666666667, 0.3470000000000001, 0.3443333333333334, 0.3383333333333333]

listfEveGenProportion_belongToLocalSearchedIndNeighbor_exceptCurrLocalSearchedInd_AllRunsAve:
[0.0, 0.0, 0.0, 0.003999999999999999, 0.03366666666666667, 0.10866666666666666, 0.242, 0.38566666666666666, 0.5193333333333333, 0.6479999999999999, 0.7973333333333336, 0.8306666666666666, 0.9103333333333333, 0.955, 0.9700000000000001, 0.9746666666666667, 0.9726666666666668, 0.9866666666666666, 0.9749999999999999, 0.967, 0.974, 0.9776666666666665, 0.9756666666666665, 0.9803333333333332, 0.9776666666666662, 0.9759999999999996, 0.9753333333333332, 0.9693333333333333, 0.97, 0.9726666666666665, 0.9723333333333332, 0.9703333333333332, 0.9713333333333332, 0.9696666666666667, 0.9689999999999999, 0.9666666666666667, 0.967, 0.967, 0.9626666666666667, 0.9633333333333333, 0.9613333333333334, 0.9616666666666663, 0.9603333333333332, 0.959, 0.9576666666666666, 0.9563333333333333, 0.9556666666666664, 0.9526666666666664, 0.946, 0.9469999999999997, 0.9453333333333332, 0.9496666666666667, 0.9503333333333333, 0.9496666666666667, 0.9496666666666667, 0.947, 0.9383333333333336, 0.9416666666666668, 0.9356666666666666, 0.9446666666666665, 0.9443333333333332, 0.9429999999999998, 0.9426666666666667, 0.9416666666666668, 0.9420000000000001, 0.9406666666666669, 0.9400000000000001, 0.9393333333333336, 0.9283333333333335, 0.9290000000000002, 0.9320000000000002, 0.9406666666666668, 0.942, 0.9410000000000001, 0.9426666666666669, 0.9386666666666668, 0.9363333333333334, 0.9403333333333334, 0.9426666666666664, 0.9426666666666665, 0.9410000000000001, 0.9416666666666667, 0.94, 0.9363333333333334, 0.9396666666666669, 0.9383333333333332, 0.9376666666666668, 0.9366666666666666, 0.9346666666666669, 0.9363333333333336, 0.9336666666666669, 0.936, 0.935, 0.935, 0.9343333333333333, 0.9336666666666669, 0.93, 0.929, 0.9293333333333333, 0.9333333333333333, 0.9326666666666665]

listiAveDiversityMetric2EveGen:
[12.50285978845696, 74.12425640920993, 32.84159814848825, 19.778934031221304, 11.801214008094412, 7.171446370778492, 5.527737171036969, 4.674098520559127, 3.813741966466007, 3.3525172043669005, 3.1614177505696706, 3.081618411726694, 2.929385657245859, 2.9226187790361537, 2.932263238445057, 2.8825111628065163, 2.8535765071591337, 2.8603632282420164, 2.875226863925451, 2.876040019045676, 2.8604863177226822, 2.8858592647008807, 2.885709096350713, 2.874190454035303, 2.885527751589974, 2.874820721695065, 2.8666471965445703, 2.880637114580145, 2.8798529660238747, 2.8755589973812192, 2.8758236152773526, 2.8876644532870803, 2.885795506580962, 2.8709246199367415, 2.8658326524504303, 2.8677997782539193, 2.8626787919600045, 2.872464771621943, 2.8950807278168895, 2.8916344522667754, 2.8624805251164847, 2.8586819181716145, 2.843510824065572, 2.8356808638574287, 2.82213973812196, 2.814727596503757, 2.8152814488317515, 2.831277823351358, 2.856574315546033, 2.849554052307588, 2.833347091113152, 2.8430508138625314, 2.818012299425228, 2.817162533074856, 2.819640613542836, 2.8194189626908814, 2.789154459068803, 2.769829565690576, 2.7737180940720334, 2.7742086140869975, 2.7734851899466038, 2.765871618542325, 2.771234099921777, 2.7802094452946986, 2.7755670809101116, 2.7777607196544567, 2.7861597592082443, 2.7828882018841608, 2.8048176662245345, 2.8062377594123045, 2.8282124531510386, 2.819710779172193, 2.81768268271945, 2.8098843655409316, 2.804604776383362, 2.802304541713432, 2.8094807264564845, 2.826044939632011, 2.8245495548073323, 2.8295107193143565, 2.8326205965377684, 2.8307267870625443, 2.8329297636295623, 2.823403369724178, 2.813524755977282, 2.8136388409345985, 2.805955540591095, 2.8052635064449207, 2.8019135530388057, 2.80213491684522, 2.798939059279666, 2.8002281182192297, 2.803910512532735, 2.806797212529334, 2.816923591470258, 2.816913138115157, 2.82855608067204, 2.8513367574737267, 2.8213395395027714, 2.8149664700880868, 2.8123922212019186]

listiAveFitEvaNumByThisGen:
[100, 780, 1462, 2134, 2795, 3389, 3934, 4444, 4933, 5354, 5681, 5968, 6215, 6424, 6618, 6812, 7000, 7181, 7363, 7554, 7738, 7921, 8106, 8288, 8467, 8648, 8827, 9012, 9197, 9382, 9564, 9747, 9927, 10107, 10289, 10472, 10655, 10834, 11018, 11200, 11382, 11563, 11742, 11922, 12102, 12283, 12463, 12643, 12825, 13009, 13195, 13378, 13557, 13737, 13917, 14099, 14285, 14473, 14659, 14843, 15022, 15201, 15379, 15559, 15738, 15917, 16095, 16275, 16460, 16649, 16840, 17023, 17203, 17384, 17565, 17746, 17933, 18118, 18298, 18478, 18662, 18842, 19023, 19204, 19383, 19564, 19743, 19921, 20101, 20278, 20460, 20640, 20819, 20999, 21180, 21361, 21543, 21726, 21909, 22091, 22269]
------------------------new instance-----------------------------
listiEveGenLocalSearchedIndNum_AllRunsEve:
[0.0, 10.0, 20.0, 29.9, 39.233333333333334, 47.4, 54.1, 60.2, 65.36666666666666, 69.03333333333333, 71.6, 73.0, 73.6, 73.93333333333334, 74.03333333333333, 74.1, 74.16666666666667, 74.16666666666667, 74.2, 74.26666666666667, 74.26666666666667, 74.26666666666667, 74.3, 74.33333333333333, 74.36666666666666, 74.36666666666666, 74.36666666666666, 74.4, 74.43333333333334, 74.43333333333334, 74.43333333333334, 74.43333333333334, 74.43333333333334, 74.46666666666667, 74.5, 74.53333333333333, 74.53333333333333, 74.56666666666666, 74.6, 74.66666666666667, 74.73333333333333, 74.8, 74.8, 74.8, 74.8, 74.83333333333333, 74.9, 74.9, 74.9, 74.93333333333334, 75.03333333333333, 75.03333333333333, 75.03333333333333, 75.03333333333333, 75.03333333333333, 75.03333333333333, 75.03333333333333, 75.03333333333333, 75.03333333333333, 75.06666666666666, 75.16666666666667, 75.26666666666667, 75.36666666666666, 75.4, 75.4, 75.4, 75.4, 75.43333333333334, 75.46666666666667, 75.5, 75.5, 75.5, 75.53333333333333, 75.56666666666666, 75.6, 75.6, 75.6, 75.63333333333334, 75.7, 75.73333333333333, 75.76666666666667, 75.8, 75.86666666666666, 75.86666666666666, 75.86666666666666, 75.86666666666666, 75.86666666666666, 75.86666666666666, 75.86666666666666, 75.86666666666666, 75.86666666666666, 75.86666666666666, 75.86666666666666, 75.86666666666666, 75.86666666666666, 75.86666666666666, 75.86666666666666, 75.86666666666666, 75.86666666666666, 75.86666666666666, 75.9]

listfEveGenBestIndFitness_AllRunsAve:
[0.053352913744987254, 0.060552096029411834, 0.08165933663940497, 0.09882691123274362, 0.11413053878492098, 0.12479666821366724, 0.1318885520923098, 0.13603842816617004, 0.13821685142307225, 0.13891034039673203, 0.1394896011439505, 0.13961361368547587, 0.13961361368547587, 0.13965583439254298, 0.13965583439254298, 0.13969805509961014, 0.13969805509961014, 0.13969805509961014, 0.13969805509961014, 0.13969805509961014, 0.13969805509961014, 0.13969805509961014, 0.13973073203826364, 0.13973073203826364, 0.13973073203826364, 0.13973073203826364, 0.13973073203826364, 0.13973073203826364, 0.13973073203826364, 0.13973073203826364, 0.13973073203826364, 0.13973073203826364, 0.13973073203826364, 0.13973073203826364, 0.13976340897691716, 0.13976340897691716, 0.13976340897691716, 0.1397960859155707, 0.13983830662263783, 0.13983830662263783, 0.13986489756018813, 0.13986489756018813, 0.13986489756018813, 0.13986489756018813, 0.13986489756018813, 0.13989757449884166, 0.13989757449884166, 0.13989757449884166, 0.13989757449884166, 0.13993025143749518, 0.13993025143749518, 0.13993025143749518, 0.13993025143749518, 0.13993025143749518, 0.13993025143749518, 0.13993025143749518, 0.13993025143749518, 0.13993025143749518, 0.13993025143749518, 0.1400837581485135, 0.1400837581485135, 0.14016625483503017, 0.14016625483503017, 0.14016625483503017, 0.14016625483503017, 0.14016625483503017, 0.14016625483503017, 0.14022552271123398, 0.14022552271123398, 0.14022552271123398, 0.14022552271123398, 0.14022552271123398, 0.14022552271123398, 0.1402350664796476, 0.1402350664796476, 0.1402350664796476, 0.1402350664796476, 0.14026095416449402, 0.14026095416449402, 0.14030282244553194, 0.14030282244553194, 0.14030282244553194, 0.14030282244553194, 0.14030282244553194, 0.14030282244553194, 0.14030282244553194, 0.14030282244553194, 0.14030282244553194, 0.14030282244553194, 0.14030282244553194, 0.14030282244553194, 0.14030282244553194, 0.14030282244553194, 0.14030282244553194, 0.14030282244553194, 0.14030282244553194, 0.14030282244553194, 0.14030282244553194, 0.14030282244553194, 0.14030282244553194, 0.14030282244553194]

listEveGenDiversityMetric1_AllRunsAve:
[1.0, 1.0, 0.9979999999999999, 0.9093333333333334, 0.8946666666666668, 0.8770000000000001, 0.855, 0.8190000000000001, 0.7676666666666666, 0.7460000000000001, 0.7210000000000001, 0.7090000000000001, 0.7010000000000001, 0.6916666666666665, 0.6846666666666666, 0.6773333333333333, 0.671, 0.6613333333333334, 0.6536666666666668, 0.6453333333333333, 0.6386666666666667, 0.6323333333333333, 0.6280000000000001, 0.6226666666666668, 0.6150000000000001, 0.6073333333333333, 0.6010000000000001, 0.5943333333333333, 0.5873333333333333, 0.5826666666666667, 0.5760000000000002, 0.5686666666666667, 0.5583333333333333, 0.5533333333333335, 0.5456666666666667, 0.5426666666666667, 0.5406666666666665, 0.5343333333333331, 0.5283333333333332, 0.5223333333333333, 0.5169999999999999, 0.513, 0.511, 0.504, 0.4986666666666668, 0.4930000000000001, 0.4856666666666668, 0.48233333333333356, 0.4743333333333336, 0.4703333333333335, 0.4643333333333334, 0.4616666666666666, 0.45833333333333326, 0.4536666666666666, 0.4493333333333333, 0.44433333333333336, 0.43966666666666665, 0.436, 0.4303333333333333, 0.4276666666666666, 0.426, 0.4236666666666667, 0.4213333333333334, 0.41666666666666674, 0.41400000000000003, 0.41166666666666674, 0.4073333333333334, 0.4063333333333334, 0.4026666666666667, 0.39866666666666667, 0.3936666666666665, 0.3909999999999999, 0.38866666666666666, 0.38366666666666666, 0.3803333333333334, 0.37833333333333335, 0.37466666666666676, 0.374, 0.37133333333333335, 0.3656666666666667, 0.36233333333333334, 0.359, 0.357, 0.3553333333333333, 0.35133333333333333, 0.3456666666666666, 0.3423333333333333, 0.33766666666666656, 0.3339999999999999, 0.3306666666666666, 0.32766666666666666, 0.32466666666666666, 0.322, 0.31933333333333336, 0.3166666666666667, 0.3140000000000001, 0.3110000000000001, 0.30800000000000005, 0.30500000000000005, 0.3006666666666667, 0.29866666666666675]

listfEveGenProportion_belongToLocalSearchedIndNeighbor_exceptCurrLocalSearchedInd_AllRunsAve:
[0.0, 0.0, 0.0, 0.009666666666666667, 0.04500000000000002, 0.11266666666666666, 0.2346666666666667, 0.359, 0.5179999999999999, 0.6593333333333333, 0.802, 0.885, 0.9529999999999998, 0.9733333333333332, 0.9843333333333331, 0.9826666666666664, 0.9796666666666664, 0.9826666666666664, 0.9769999999999998, 0.975333333333333, 0.9786666666666666, 0.9769999999999999, 0.9723333333333332, 0.9713333333333334, 0.9723333333333333, 0.9736666666666667, 0.9710000000000001, 0.9663333333333333, 0.9666666666666667, 0.9673333333333332, 0.9659999999999997, 0.9656666666666667, 0.9653333333333333, 0.9623333333333333, 0.9626666666666669, 0.9606666666666666, 0.9600000000000001, 0.9580000000000001, 0.9550000000000001, 0.9533333333333334, 0.9496666666666667, 0.9493333333333336, 0.9526666666666669, 0.9526666666666668, 0.9510000000000002, 0.9483333333333335, 0.9500000000000001, 0.949666666666667, 0.9526666666666668, 0.949, 0.9480000000000001, 0.9523333333333334, 0.9510000000000001, 0.9496666666666669, 0.9486666666666668, 0.949666666666667, 0.9490000000000002, 0.9473333333333336, 0.9453333333333336, 0.9413333333333335, 0.9406666666666668, 0.94, 0.9393333333333335, 0.9453333333333335, 0.9460000000000002, 0.9460000000000002, 0.9443333333333334, 0.9396666666666669, 0.9406666666666668, 0.9420000000000002, 0.9443333333333334, 0.9443333333333334, 0.9420000000000003, 0.9426666666666667, 0.9440000000000001, 0.9446666666666668, 0.9443333333333332, 0.9396666666666668, 0.9403333333333334, 0.9403333333333335, 0.9423333333333334, 0.9403333333333335, 0.9410000000000004, 0.9430000000000002, 0.9430000000000003, 0.9440000000000003, 0.943666666666667, 0.9436666666666669, 0.9433333333333335, 0.9420000000000002, 0.9423333333333336, 0.9430000000000003, 0.9433333333333336, 0.9416666666666668, 0.9420000000000001, 0.9416666666666668, 0.940666666666667, 0.9400000000000003, 0.9393333333333337, 0.9390000000000003, 0.9373333333333336]

listiAveDiversityMetric2EveGen:
[12.50285978845696, 70.67452612862634, 37.122060621025064, 17.585139781654938, 11.399216265006974, 7.3451511587253, 5.029748875965038, 3.8926901554263176, 3.164352553140836, 2.653809339183077, 2.512501713430602, 2.3869179675543313, 2.3811039404142433, 2.394723451348502, 2.4113445036220793, 2.422651740298609, 2.4483469169812606, 2.445644852566064, 2.454893202734415, 2.469192700064619, 2.45744026936027, 2.4622675196408528, 2.4716478073665953, 2.4827693527871313, 2.4995354174744078, 2.498114766520423, 2.5058943794850865, 2.515094410774411, 2.5212502805836143, 2.5251849702411318, 2.528642807876747, 2.519502578648437, 2.5264119402782033, 2.5451718559330683, 2.5458828459680993, 2.536929420807401, 2.541556983981226, 2.5490321218923238, 2.5358490480563205, 2.5399022861612766, 2.5192466578240316, 2.5064944488657614, 2.5144659130020743, 2.5108501880760468, 2.5118528082168488, 2.5303072040268004, 2.541526875488896, 2.5446716199027315, 2.5335482324932825, 2.527285324626739, 2.5151160194537976, 2.5091886909499026, 2.5094562840526478, 2.517932991871578, 2.523030051355304, 2.524667824371663, 2.527954260449614, 2.531659482365745, 2.541851832806176, 2.561582254871952, 2.5690527456382, 2.5743714206033395, 2.5735929599020513, 2.5651079209604464, 2.5674532449069827, 2.5666513471414487, 2.570064378464783, 2.595919521137299, 2.599028139985715, 2.6005271625344353, 2.6021895738530088, 2.5949837676427583, 2.6007103329592223, 2.601243662211339, 2.6014892126653737, 2.5925920933238107, 2.5942150270380577, 2.5861410345883074, 2.5692491949801037, 2.5660954324388663, 2.5545603006495936, 2.5717146332006937, 2.5796747447539365, 2.5809056232357244, 2.591460464578445, 2.5915346733326534, 2.5870785253205453, 2.5895783627521, 2.5898996959493923, 2.5955167119001454, 2.593164591368227, 2.5929647287691737, 2.593614854266572, 2.593828452878958, 2.603176297656702, 2.606393032003537, 2.614344281875999, 2.6155730517294153, 2.613065815052886, 2.6059364187327825, 2.59891446859164]

listiAveFitEvaNumByThisGen:
[100, 780, 1462, 2134, 2780, 3367, 3886, 4371, 4808, 5171, 5479, 5728, 5939, 6137, 6323, 6507, 6690, 6871, 7051, 7235, 7414, 7592, 7774, 7956, 8137, 8318, 8497, 8679, 8861, 9042, 9222, 9404, 9584, 9766, 9949, 10132, 10313, 10494, 10678, 10862, 11047, 11232, 11410, 11590, 11770, 11953, 12137, 12317, 12497, 12679, 12865, 13045, 13224, 13403, 13584, 13764, 13945, 14127, 14306, 14488, 14672, 14856, 15039, 15220, 15400, 15579, 15757, 15939, 16120, 16301, 16482, 16662, 16843, 17024, 17207, 17386, 17568, 17749, 17933, 18115, 18298, 18481, 18665, 18843, 19022, 19202, 19382, 19560, 19737, 19915, 20095, 20275, 20454, 20634, 20815, 20994, 21174, 21354, 21534, 21712, 21893]
------------------------new instance-----------------------------
