listiEveGenLocalSearchedIndNum_AllRunsEve:
[0.0, 10.0, 20.0, 30.0, 40.0, 50.0, 60.0, 70.0, 80.0, 90.0, 100.0, 110.0, 120.0, 130.0, 140.0, 150.0, 160.0, 170.0, 180.0, 190.0, 200.0]

listfEveGenBestIndFitness_AllRunsAve:
[0.051735642889736276, 0.05862918474638692, 0.06965278082654615, 0.08121556454251663, 0.09156507488204817, 0.10304827924146495, 0.11292061706852752, 0.12020338774528061, 0.12656616551861494, 0.12988481088761886, 0.13280296784810602, 0.1356079195795994, 0.13704300440362155, 0.13826918828748583, 0.13959734082041647, 0.13998763382036494, 0.14154757369546112, 0.14155703721726637, 0.14193876630499236, 0.1422088962667361, 0.14274652515599923]

listEveGenDiversityMetric1_AllRunsAve:
[1.0, 1.0, 0.9450000000000001, 0.7849999999999999, 0.645, 0.67, 0.63, 0.5900000000000001, 0.6449999999999999, 0.655, 0.64, 0.6799999999999999, 0.6599999999999999, 0.6416666666666667, 0.6708333333333333, 0.6300000000000001, 0.6272727272727272, 0.7095454545454545, 0.6212121212121212, 0.6443465909090909, 0.5740719696969696]

listfEveGenProportion_belongToLocalSearchedIndNeighbor_exceptCurrLocalSearchedInd_AllRunsAve:
[0.0, 0.0, 0.0, 0.0, 0.0, 0.005, 0.015, 0.025, 0.05499999999999999, 0.29999999999999993, 0.3, 0.45499999999999996, 0.505, 0.605, 0.5216666666666667, 0.6391666666666667, 0.6601515151515152, 0.5451515151515152, 0.6981060606060606, 0.692594696969697, 0.8358860930735931]

listiAveDiversityMetric2EveGen:
[12.344695290858727, 32.71797783933518, 12.078487534626039, 7.915933518005542, 5.1564238227146815, 3.6247839335180054, 3.55398891966759, 3.272, 2.512221606648199, 2.7924709141274233, 3.336853185595568, 3.4101911357340726, 3.655698060941828, 3.413267400224986, 3.5632727479455206, 2.994530718088115, 3.4484142646382736, 3.0746804540812436, 3.176640035870391, 3.7759064575140635, 3.8038800183488384]

listiAveFitEvaNumByThisGen:
[20, 540, 1060, 1580, 2100, 2620, 3140, 3660, 4180, 4700, 5220, 5740, 6260, 6780, 7310, 7860, 8410, 8990, 9600, 10240, 10920]
------------------------new instance-----------------------------
listiEveGenLocalSearchedIndNum_AllRunsEve:
[0.0, 10.0, 20.0, 30.0, 40.0, 50.0, 60.0, 70.0, 80.0, 90.0, 100.0, 110.0, 120.0, 130.0, 140.0, 150.0, 160.0, 170.0, 180.0, 190.0, 200.0]

listfEveGenBestIndFitness_AllRunsAve:
[0.05167923674857818, 0.057130759516909865, 0.06780049774560665, 0.07780713318885099, 0.08930067895273616, 0.10107008876427832, 0.11123293485596517, 0.12013992258016612, 0.1272302718265373, 0.1320715794735982, 0.13511391068881345, 0.13624765537038513, 0.13775487273792683, 0.1382981097215282, 0.13868390110890078, 0.1388352504214328, 0.1390660470636934, 0.1392647554128304, 0.1393464900542654, 0.13948919595762882, 0.13951845943376384]

listEveGenDiversityMetric1_AllRunsAve:
[1.0, 1.0, 0.945, 0.8299999999999998, 0.7900000000000001, 0.69, 0.6199999999999999, 0.5700000000000001, 0.5799999999999998, 0.5299999999999999, 0.5449999999999999, 0.5599999999999998, 0.46500000000000014, 0.495, 0.5866666666666667, 0.7133333333333333, 0.5933333333333333, 0.5496969696969698, 0.5012121212121212, 0.5830587121212122, 0.5708969155844156]

listfEveGenProportion_belongToLocalSearchedIndNeighbor_exceptCurrLocalSearchedInd_AllRunsAve:
[0.0, 0.0, 0.0, 0.0, 0.0, 0.0, 0.01, 0.005, 0.06000000000000001, 0.19, 0.365, 0.45499999999999996, 0.635, 0.725, 0.5916666666666668, 0.45666666666666667, 0.6808333333333334, 0.7300757575757576, 0.8011363636363636, 0.7123295454545454, 0.7585971320346321]

listiAveDiversityMetric2EveGen:
[12.344695290858727, 60.61619944598338, 35.71579501385042, 14.592700831024928, 8.347590027700832, 6.345673130193905, 4.603437673130195, 3.3788199445983382, 2.209706371191136, 2.35596675900277, 2.328689750692521, 2.168393351800554, 1.9541440443213296, 2.1365429362880883, 3.0183770557324006, 2.668198248633004, 2.35648745238142, 2.3989743629893225, 2.542577902440296, 3.355673996898532, 3.101572906481324]

listiAveFitEvaNumByThisGen:
[20, 540, 1060, 1580, 2100, 2620, 3140, 3660, 4180, 4700, 5220, 5740, 6260, 6780, 7300, 7850, 8440, 9030, 9640, 10280, 10970]
------------------------new instance-----------------------------
listiEveGenLocalSearchedIndNum_AllRunsEve:
[0.0, 10.0, 20.0, 30.0, 40.0, 50.0, 60.0, 70.0, 80.0, 90.0, 100.0, 110.0, 120.0, 130.0, 140.0, 150.0, 160.0, 170.0, 180.0, 190.0, 200.0]

listfEveGenBestIndFitness_AllRunsAve:
[0.05323711437616015, 0.0603332781780642, 0.07220905525654638, 0.08263903811182545, 0.09558344605937187, 0.10611834519692094, 0.11626671190824105, 0.1245384759833491, 0.1312038261417893, 0.1370670728978054, 0.1406341485896761, 0.14277309232916907, 0.14353073040613767, 0.14393713003966788, 0.14434192268720814, 0.1443624047237745, 0.14532431845293634, 0.14558791785382566, 0.14571836328853333, 0.14597925415794863, 0.14608760620231798]

listEveGenDiversityMetric1_AllRunsAve:
[1.0, 1.0, 0.9400000000000001, 0.785, 0.75, 0.6599999999999999, 0.65, 0.5850000000000001, 0.575, 0.5900000000000001, 0.605, 0.53, 0.495, 0.5266666666666667, 0.7150000000000001, 0.6958333333333334, 0.6275, 0.5886363636363636, 0.5467424242424241, 0.5551704545454546, 0.5514258658008658]

listfEveGenProportion_belongToLocalSearchedIndNeighbor_exceptCurrLocalSearchedInd_AllRunsAve:
[0.0, 0.0, 0.0, 0.0, 0.0, 0.0, 0.0, 0.02, 0.05500000000000001, 0.13, 0.29, 0.425, 0.6599999999999999, 0.7125, 0.49749999999999994, 0.5458333333333334, 0.6683333333333333, 0.7338636363636363, 0.8144696969696972, 0.800378787878788, 0.8341964285714287]

listiAveDiversityMetric2EveGen:
[12.344695290858727, 44.466864265927974, 28.475969529085877, 12.367437673130194, 7.643634349030473, 5.7718891966759, 4.1189002770083105, 2.470728531855956, 2.1322465373961217, 2.4576149584487537, 2.2200332409972297, 2.1498587257617734, 2.27225484764543, 3.038629181073331, 3.8506929653888604, 3.507452622339469, 2.8268429842525244, 2.8818378834199088, 3.0154221359094566, 3.1016910794527695, 3.1899044089945616]

listiAveFitEvaNumByThisGen:
[20, 540, 1060, 1580, 2100, 2620, 3140, 3660, 4180, 4700, 5220, 5740, 6260, 6780, 7320, 7910, 8520, 9140, 9780, 10440, 11160]
------------------------new instance-----------------------------
listiEveGenLocalSearchedIndNum_AllRunsEve:
[0.0, 10.0, 20.0, 30.0, 40.0, 50.0, 60.0, 70.0, 80.0, 90.0, 100.0, 110.0, 120.0, 130.0, 140.0, 150.0, 160.0, 170.0, 180.0, 190.0, 200.0]

listfEveGenBestIndFitness_AllRunsAve:
[0.048825195300601525, 0.05540473612597698, 0.06488010854680162, 0.07569593564967765, 0.08545260815927436, 0.09435219488453166, 0.10253703690230694, 0.11128880938772774, 0.11852725856166309, 0.1236673081712311, 0.12874083711052997, 0.13145402125297365, 0.1349566399362133, 0.13684491889386424, 0.13823968797419642, 0.13904238780354145, 0.13941287946300848, 0.13959812529274201, 0.13959812529274201, 0.13959812529274201, 0.13959812529274201]

listEveGenDiversityMetric1_AllRunsAve:
[1.0, 1.0, 0.9400000000000001, 0.845, 0.765, 0.645, 0.5650000000000002, 0.5700000000000001, 0.5900000000000001, 0.5850000000000001, 0.5400000000000001, 0.6299999999999999, 0.485, 0.48500000000000004, 0.43499999999999994, 0.5783333333333333, 0.6008333333333333, 0.5191666666666667, 0.6403030303030303, 0.5394412878787879, 0.5936850649350649]

listfEveGenProportion_belongToLocalSearchedIndNeighbor_exceptCurrLocalSearchedInd_AllRunsAve:
[0.0, 0.0, 0.0, 0.0, 0.0, 0.0, 0.0, 0.0, 0.034999999999999996, 0.09000000000000001, 0.26000000000000006, 0.285, 0.475, 0.6, 0.74, 0.5816666666666667, 0.58, 0.7508333333333332, 0.6449999999999999, 0.8430871212121211, 0.7757318722943723]

listiAveDiversityMetric2EveGen:
[12.344695290858727, 42.221800554016625, 17.44965096952909, 14.168839335180056, 9.32192243767313, 3.9642160664819945, 2.5143462603878115, 2.4725872576177284, 2.2438393351800556, 2.4067617728531854, 2.5173656509695297, 2.3307673130193907, 2.063526315789473, 1.8466066481994456, 1.656360110803324, 2.489766743914447, 2.0995155367181906, 1.5641738057452084, 2.1057704488841424, 1.7557518277098432, 2.395283873343633]

listiAveFitEvaNumByThisGen:
[20, 540, 1060, 1580, 2100, 2620, 3140, 3660, 4180, 4700, 5220, 5740, 6260, 6780, 7300, 7820, 8370, 8940, 9520, 10150, 10800]
------------------------new instance-----------------------------
listiEveGenLocalSearchedIndNum_AllRunsEve:
[0.0, 10.0, 20.0, 30.0, 40.0, 50.0, 60.0, 70.0, 80.0, 90.0, 100.0, 110.0, 120.0, 130.0, 140.0, 150.0, 160.0, 170.0, 180.0, 190.0, 200.0]

listfEveGenBestIndFitness_AllRunsAve:
[0.048258197951889764, 0.055453323434341804, 0.06484929508968143, 0.07539630347415613, 0.08453328396527024, 0.09369895097599332, 0.10274494784990193, 0.11178560236901909, 0.12022312687516026, 0.12647310708421053, 0.13232696995699328, 0.13567000633707965, 0.13999071313861697, 0.14170431139334963, 0.14314276062904235, 0.14411402511217092, 0.14417913991089146, 0.14434946931376388, 0.14437643044199427, 0.14438991100610946, 0.14438991100610946]

listEveGenDiversityMetric1_AllRunsAve:
[1.0, 1.0, 0.9349999999999999, 0.85, 0.66, 0.58, 0.5050000000000001, 0.55, 0.5349999999999999, 0.5800000000000001, 0.6050000000000001, 0.6, 0.605, 0.6699999999999999, 0.5633333333333334, 0.6250000000000001, 0.5608333333333333, 0.5926515151515152, 0.6469696969696971, 0.6285227272727273, 0.5829680735930737]

listfEveGenProportion_belongToLocalSearchedIndNeighbor_exceptCurrLocalSearchedInd_AllRunsAve:
[0.0, 0.0, 0.0, 0.0, 0.0, 0.0, 0.0, 0.025, 0.03, 0.085, 0.135, 0.315, 0.4, 0.37750000000000006, 0.5891666666666666, 0.5333333333333333, 0.7408333333333333, 0.7036363636363637, 0.6651515151515152, 0.7585890151515151, 0.813400974025974]

listiAveDiversityMetric2EveGen:
[12.344695290858727, 37.23259556786703, 25.311947368421052, 21.107520775623268, 11.453157894736844, 6.010340720221607, 3.75207756232687, 3.300362880886427, 3.1529252077562324, 2.953218836565097, 3.0620360110803317, 2.7397202216066483, 2.17584487534626, 1.930059553510177, 2.01989536271844, 2.8379399308199735, 2.95287196669445, 2.9225585711803825, 2.94427137101662, 2.6041935369414704, 2.8360288435166785]

listiAveFitEvaNumByThisGen:
[20, 540, 1060, 1580, 2100, 2620, 3140, 3660, 4180, 4700, 5220, 5740, 6260, 6780, 7310, 7840, 8400, 8970, 9570, 10220, 10900]
------------------------new instance-----------------------------
listiEveGenLocalSearchedIndNum_AllRunsEve:
[0.0, 10.0, 20.0, 30.0, 40.0, 50.0, 60.0, 70.0, 80.0, 90.0, 100.0, 110.0, 120.0, 130.0, 140.0, 150.0, 160.0, 170.0, 180.0, 190.0, 200.0]

listfEveGenBestIndFitness_AllRunsAve:
[0.04847676479597121, 0.05571075094778295, 0.06628055319859777, 0.0789520666864887, 0.09196488811929052, 0.10183374770190068, 0.1129133119159386, 0.12256602487417738, 0.12978526273467794, 0.1374121046839623, 0.14252716161524853, 0.1464590625509901, 0.14983217898280898, 0.15051405635582213, 0.15238398526294156, 0.15253516599428033, 0.15253516599428033, 0.15253516599428033, 0.15253516599428033, 0.15253516599428033, 0.15253516599428033]

listEveGenDiversityMetric1_AllRunsAve:
[1.0, 1.0, 0.925, 0.8400000000000001, 0.695, 0.5450000000000002, 0.56, 0.5349999999999999, 0.5549999999999999, 0.59, 0.6, 0.515, 0.5316666666666666, 0.5066666666666667, 0.6141666666666666, 0.6218181818181818, 0.5793939393939394, 0.5610700757575757, 0.6079640151515152, 0.6062513528138529, 0.6050201881451882]

listfEveGenProportion_belongToLocalSearchedIndNeighbor_exceptCurrLocalSearchedInd_AllRunsAve:
[0.0, 0.0, 0.0, 0.0, 0.0, 0.0, 0.01, 0.05, 0.125, 0.21500000000000002, 0.35, 0.48500000000000004, 0.6025, 0.6716666666666666, 0.6041666666666667, 0.5924242424242423, 0.7467424242424243, 0.7930113636363637, 0.7551420454545454, 0.7875378787878788, 0.8330992965367967]

listiAveDiversityMetric2EveGen:
[12.344695290858727, 15.71419667590028, 14.827880886426595, 17.67347091412742, 5.762747922437673, 3.1498337950138504, 3.024349030470914, 2.741069252077562, 2.4751634349030476, 2.112141274238227, 2.144437673130194, 2.0980526315789474, 1.8709232533163178, 1.7344158460244672, 2.023596751274515, 1.8175788517716005, 2.0510643832325686, 2.586433965975194, 3.211246453498999, 2.9294950110984472, 2.8878434793434202]

listiAveFitEvaNumByThisGen:
[20, 540, 1060, 1580, 2100, 2620, 3140, 3660, 4180, 4700, 5220, 5740, 6260, 6790, 7330, 7900, 8500, 9120, 9770, 10470, 11220]
------------------------new instance-----------------------------
listiEveGenLocalSearchedIndNum_AllRunsEve:
[0.0, 10.0, 20.0, 30.0, 40.0, 50.0, 60.0, 70.0, 80.0, 90.0, 100.0, 110.0, 120.0, 130.0, 140.0, 150.0, 160.0, 170.0, 180.0, 190.0, 200.0]

listfEveGenBestIndFitness_AllRunsAve:
[0.05142295842088278, 0.05904007513518004, 0.07165940964994572, 0.08365015229501485, 0.09226508939936964, 0.10375089184059236, 0.11163900079849458, 0.11922838833359047, 0.12465481227528644, 0.12858687233766425, 0.13111291523485633, 0.13404092464097075, 0.13573571852309108, 0.13759464500802765, 0.13786325241351866, 0.13845681832309098, 0.13853079894917925, 0.13861292639068146, 0.13925115328179027, 0.13971892770748565, 0.13971892770748565]

listEveGenDiversityMetric1_AllRunsAve:
[1.0, 1.0, 0.915, 0.82, 0.5999999999999999, 0.63, 0.5349999999999999, 0.51, 0.545, 0.53, 0.6033333333333333, 0.6474999999999999, 0.7091666666666667, 0.615, 0.6174999999999999, 0.6220454545454546, 0.6304545454545455, 0.6712310606060606, 0.646264880952381, 0.6468422202797203, 0.6155187554381103]

listfEveGenProportion_belongToLocalSearchedIndNeighbor_exceptCurrLocalSearchedInd_AllRunsAve:
[0.0, 0.0, 0.0, 0.0, 0.0, 0.0, 0.005, 0.025, 0.125, 0.265, 0.3416666666666666, 0.41666666666666663, 0.44000000000000006, 0.5641666666666667, 0.6783333333333333, 0.7104545454545454, 0.6667424242424242, 0.6527935606060606, 0.7147172619047618, 0.7181522644022644, 0.772483779661199]

listiAveDiversityMetric2EveGen:
[12.344695290858727, 67.31430470914128, 28.52926869806094, 12.269216066481995, 8.248036011080334, 4.5146537396121875, 3.48896675900277, 2.4057783933518007, 2.520581717451523, 2.6306648199445983, 2.7588932537438415, 2.6388415326100025, 3.311298170058312, 3.0177792380924995, 2.878455685196245, 3.3686457820682363, 3.3955142193268095, 3.2441291814307034, 3.129453766304858, 3.050260960374893, 3.190610107466991]

listiAveFitEvaNumByThisGen:
[20, 540, 1060, 1580, 2100, 2620, 3140, 3660, 4180, 4700, 5220, 5750, 6290, 6840, 7390, 7940, 8520, 9130, 9780, 10460, 11180]
------------------------new instance-----------------------------
listiEveGenLocalSearchedIndNum_AllRunsEve:
[0.0, 10.0, 20.0, 30.0, 40.0, 50.0, 60.0, 70.0, 80.0, 90.0, 100.0, 110.0, 120.0, 130.0, 140.0, 150.0, 160.0, 170.0, 180.0, 190.0, 200.0]

listfEveGenBestIndFitness_AllRunsAve:
[0.04841910211660675, 0.05450846367619555, 0.06475738115798849, 0.07691534519716084, 0.08615791716136141, 0.0968453317792461, 0.10707269523671456, 0.11524139921123555, 0.12249871777346437, 0.12803733434865347, 0.1312196482477792, 0.13456752081879272, 0.13571384675796244, 0.1377513452686177, 0.13822125893850715, 0.1386825330343442, 0.1387905900626109, 0.13896179461977803, 0.13940677641244412, 0.1395314343348913, 0.13982937240615115]

listEveGenDiversityMetric1_AllRunsAve:
[1.0, 1.0, 1.0, 0.8800000000000001, 0.66, 0.6649999999999999, 0.555, 0.55, 0.5549999999999999, 0.5700000000000001, 0.595, 0.56, 0.635, 0.5791666666666667, 0.5316666666666667, 0.6613636363636364, 0.5480303030303031, 0.5615719696969697, 0.7141666666666667, 0.6270745920745922, 0.5908890168970814]

listfEveGenProportion_belongToLocalSearchedIndNeighbor_exceptCurrLocalSearchedInd_AllRunsAve:
[0.0, 0.0, 0.0, 0.0, 0.0, 0.0, 0.015, 0.05500000000000001, 0.08499999999999999, 0.195, 0.275, 0.4750000000000001, 0.4533333333333334, 0.6366666666666667, 0.7508333333333332, 0.5145454545454544, 0.7559090909090909, 0.7891287878787879, 0.6013419913419914, 0.7360474941724942, 0.7945540514592933]

listiAveDiversityMetric2EveGen:
[12.344695290858727, 51.08419944598337, 23.380609418282553, 8.010858725761775, 6.508310249307479, 7.780351800554017, 2.681290858725762, 2.377310249307479, 2.064160664819945, 2.459886426592797, 2.417459833795014, 2.27818836565097, 2.784461474834896, 2.5306595674552477, 2.061401603751597, 3.186298841228367, 2.3402170144819836, 2.748763955279362, 3.574410515638212, 3.0074853862209343, 3.149892684679082]

listiAveFitEvaNumByThisGen:
[20, 540, 1060, 1580, 2100, 2620, 3140, 3660, 4180, 4700, 5220, 5740, 6260, 6800, 7340, 7880, 8470, 9060, 9680, 10370, 11080]
------------------------new instance-----------------------------
