listiEveGenLocalSearchedIndNum_AllRunsEve:
[0.0, 9.966666666666667, 19.966666666666665, 29.933333333333334, 39.63333333333333, 47.833333333333336, 54.36666666666667, 59.3, 63.13333333333333, 65.96666666666667, 67.56666666666666, 69.0, 69.86666666666666, 70.36666666666666, 70.8, 70.96666666666667, 71.03333333333333, 71.1, 71.1, 71.1, 71.13333333333334, 71.13333333333334, 71.13333333333334, 71.13333333333334, 71.13333333333334, 71.16666666666667, 71.33333333333333, 71.43333333333334, 71.5, 71.53333333333333, 71.53333333333333, 71.53333333333333, 71.56666666666666, 71.56666666666666, 71.6, 71.63333333333334, 71.66666666666667, 71.66666666666667, 71.7, 71.76666666666667, 71.8, 71.8, 71.8, 71.8, 71.8, 71.8, 71.83333333333333, 71.86666666666666, 71.9, 71.96666666666667, 71.96666666666667]

listfEveGenBestIndFitness_AllRunsAve:
[0.054070981771157295, 0.06148022116925222, 0.07737717773428474, 0.09797328868486567, 0.11293018497698427, 0.12319750215504083, 0.13097179546432858, 0.13449971311420322, 0.13722994022900048, 0.1386449972528805, 0.13962780078519946, 0.1401455284021729, 0.14054254733642846, 0.14069328190415184, 0.14069328190415184, 0.14070875076692155, 0.1407468399441225, 0.1407468399441225, 0.1407468399441225, 0.1407468399441225, 0.1407468399441225, 0.1407468399441225, 0.1407468399441225, 0.1407468399441225, 0.1407468399441225, 0.14086583733717797, 0.14096948241507926, 0.14096948241507926, 0.14101497383922978, 0.14101497383922978, 0.14101497383922978, 0.14101497383922978, 0.14101497383922978, 0.14101497383922978, 0.14110278364899734, 0.14110278364899734, 0.14110278364899734, 0.14110278364899734, 0.14115695846333326, 0.14115695846333326, 0.14115695846333326, 0.14115695846333326, 0.14115695846333326, 0.14115695846333326, 0.14115695846333326, 0.14115695846333326, 0.14115695846333326, 0.14128802717176744, 0.14133312634907672, 0.14133312634907672, 0.14133312634907672]

listEveGenDiversityMetric1_AllRunsAve:
[1.0, 1.0, 0.9793333333333333, 0.9266666666666664, 0.8073333333333336, 0.6626666666666666, 0.5713333333333334, 0.458, 0.356, 0.2986666666666667, 0.2553333333333333, 0.21200000000000005, 0.17333333333333334, 0.14400000000000002, 0.13600000000000004, 0.10933333333333337, 0.09866666666666668, 0.09000000000000002, 0.07933333333333334, 0.07800000000000001, 0.07600000000000003, 0.07400000000000002, 0.07400000000000002, 0.07066666666666668, 0.07133333333333335, 0.07533333333333335, 0.08266666666666668, 0.08000000000000002, 0.07733333333333335, 0.07466666666666669, 0.07400000000000002, 0.07266666666666668, 0.07133333333333335, 0.07066666666666668, 0.0726666666666667, 0.07400000000000004, 0.07400000000000004, 0.07400000000000004, 0.07600000000000004, 0.07733333333333335, 0.07600000000000003, 0.0726666666666667, 0.0726666666666667, 0.0726666666666667, 0.0726666666666667, 0.07200000000000004, 0.0726666666666667, 0.07600000000000004, 0.07733333333333338, 0.08000000000000004, 0.07600000000000004]

listfEveGenProportion_belongToLocalSearchedIndNeighbor_exceptCurrLocalSearchedInd_AllRunsAve:
[0.0, 0.0, 0.0, 0.0, 0.01, 0.06200000000000001, 0.12200000000000004, 0.2666666666666667, 0.5193333333333333, 0.6760000000000002, 0.8126666666666666, 0.9013333333333334, 0.9420000000000002, 0.9720000000000001, 0.9760000000000001, 0.988, 0.9946666666666667, 0.994, 0.9993333333333333, 0.9993333333333333, 0.998, 0.998, 0.998, 0.998, 0.9973333333333334, 0.9933333333333334, 0.988, 0.9926666666666667, 0.9960000000000001, 0.9973333333333334, 0.9973333333333334, 0.9973333333333334, 0.9966666666666667, 0.9973333333333334, 0.9953333333333333, 0.9953333333333334, 0.9960000000000001, 0.9960000000000001, 0.9940000000000001, 0.9926666666666667, 0.9960000000000001, 0.9966666666666667, 0.9960000000000001, 0.9960000000000001, 0.9953333333333334, 0.9953333333333334, 0.9946666666666668, 0.9920000000000001, 0.994, 0.9926666666666667, 0.9953333333333334]

listiAveDiversityMetric2EveGen:
[12.43744599750104, 74.52393920310982, 35.85011969457171, 18.5257012244898, 9.856633247258088, 5.716391681243926, 4.610365680966264, 3.7230399333611, 3.4949145411634044, 3.0550762071359165, 2.978282426766625, 3.0901592780785787, 2.6216430265167285, 2.329566947105374, 1.9022862251839512, 1.8019613605442169, 1.7296896071081496, 1.5084327308066086, 1.3946351686797163, 1.4137210828821323, 1.4082757961960297, 1.3727192336526444, 1.3377923642926557, 1.3220263112591972, 1.3353603998334025, 1.3847932250451198, 1.4196379952797442, 1.410711492433708, 1.4360154380119392, 1.456055976676385, 1.471716029432181, 1.4912826322365682, 1.4362954102457308, 1.4099517201166178, 1.416815615715674, 1.424693311120366, 1.4248107732889073, 1.4008866083576288, 1.4326018381230046, 1.43982736082188, 1.4606916451478549, 1.4702747632930722, 1.403025717062335, 1.4063446008607525, 1.418466039150354, 1.397721882548938, 1.3948777342773842, 1.4205593002915449, 1.4216738581146744, 1.392178236845759, 1.370209523809524]

listiAveFitEvaNumByThisGen:
[50, 638, 1228, 1817, 2408, 2999, 3588, 4179, 4770, 5361, 5951, 6542, 7131, 7722, 8311, 8901, 9491, 10082, 10672, 11261, 11851, 12442, 13031, 13620, 14211, 14800, 15391, 15981, 16572, 17160, 17750, 18340, 18932, 19522, 20113, 20702, 21293, 21883, 22474, 23064, 23654, 24244, 24836, 25427, 26015, 26605, 27193, 27784, 28374, 28965, 29554]
------------------------new instance-----------------------------
listiEveGenLocalSearchedIndNum_AllRunsEve:
[0.0, 9.966666666666667, 19.966666666666665, 29.966666666666665, 39.36666666666667, 47.53333333333333, 54.233333333333334, 59.4, 63.43333333333333, 66.03333333333333, 67.53333333333333, 68.43333333333334, 68.93333333333334, 69.23333333333333, 69.4, 69.5, 69.66666666666667, 69.96666666666667, 70.26666666666667, 70.63333333333334, 70.86666666666666, 71.06666666666666, 71.13333333333334, 71.16666666666667, 71.2, 71.2, 71.23333333333333, 71.3, 71.5, 71.63333333333334, 71.63333333333334, 71.7, 71.9, 72.06666666666666, 72.06666666666666, 72.06666666666666, 72.06666666666666, 72.06666666666666, 72.06666666666666, 72.1, 72.1, 72.16666666666667, 72.3, 72.36666666666666, 72.36666666666666, 72.36666666666666, 72.4, 72.43333333333334, 72.46666666666667, 72.46666666666667, 72.46666666666667]

listfEveGenBestIndFitness_AllRunsAve:
[0.05394265353366847, 0.06053787935967021, 0.07911606830516464, 0.09515547706001022, 0.10911494038488449, 0.12012043022868485, 0.1280884976458094, 0.132836399574475, 0.13559537119805326, 0.13667209605564665, 0.1373674318412067, 0.13760168939407483, 0.13779242232784986, 0.13780611183011796, 0.1378339977542556, 0.13793163628463315, 0.13823889060731054, 0.13823889060731054, 0.1384127593330017, 0.13847488814533337, 0.13857898253473558, 0.13857898253473558, 0.13857999654085637, 0.13862173385621498, 0.13862173385621498, 0.13862173385621498, 0.1386382884064594, 0.1389323267154021, 0.1389323267154021, 0.1389323267154021, 0.1389323267154021, 0.13909516654215803, 0.13910201129329205, 0.13910201129329205, 0.13910201129329205, 0.13910201129329205, 0.13910201129329205, 0.13910201129329205, 0.13910201129329205, 0.13910201129329205, 0.13910201129329205, 0.1391759578500366, 0.1391759578500366, 0.1391759578500366, 0.1391759578500366, 0.1391759578500366, 0.13919253195208162, 0.13919253195208162, 0.13919253195208162, 0.13919253195208162, 0.13919253195208162]

listEveGenDiversityMetric1_AllRunsAve:
[1.0, 1.0, 0.9906666666666666, 0.8640000000000001, 0.8106666666666666, 0.6886666666666666, 0.5946666666666667, 0.4673333333333333, 0.34400000000000003, 0.2653333333333333, 0.18933333333333335, 0.14666666666666667, 0.11800000000000005, 0.09800000000000003, 0.0846666666666667, 0.07466666666666669, 0.07666666666666669, 0.09333333333333337, 0.08400000000000003, 0.08266666666666668, 0.08000000000000002, 0.07466666666666669, 0.07200000000000002, 0.06533333333333337, 0.06533333333333337, 0.06333333333333337, 0.06133333333333336, 0.06600000000000003, 0.07600000000000003, 0.0686666666666667, 0.06133333333333336, 0.06400000000000003, 0.06933333333333334, 0.06666666666666668, 0.06133333333333336, 0.059333333333333356, 0.058666666666666686, 0.056666666666666685, 0.056666666666666685, 0.057333333333333354, 0.057333333333333354, 0.06266666666666669, 0.06866666666666668, 0.06333333333333335, 0.06066666666666669, 0.059333333333333356, 0.060000000000000026, 0.058000000000000024, 0.057333333333333354, 0.057333333333333354, 0.057333333333333354]

listfEveGenProportion_belongToLocalSearchedIndNeighbor_exceptCurrLocalSearchedInd_AllRunsAve:
[0.0, 0.0, 0.0, 0.0, 0.010000000000000002, 0.03666666666666667, 0.07333333333333333, 0.1866666666666667, 0.38199999999999995, 0.5539999999999999, 0.7866666666666667, 0.862, 0.9313333333333333, 0.9786666666666668, 0.9860000000000001, 0.994, 0.988, 0.9740000000000001, 0.9826666666666667, 0.9820000000000001, 0.9866666666666668, 0.99, 0.9926666666666667, 0.9966666666666666, 0.996, 0.9973333333333334, 0.9966666666666667, 0.9926666666666667, 0.9826666666666667, 0.9860000000000001, 0.998, 0.9926666666666667, 0.9893333333333333, 0.9933333333333334, 0.998, 0.998, 0.998, 0.9973333333333334, 0.9973333333333334, 0.9966666666666667, 0.9973333333333334, 0.9919999999999999, 0.9900000000000001, 0.9953333333333333, 0.9960000000000001, 0.9960000000000001, 0.9946666666666668, 0.9960000000000001, 0.9953333333333333, 0.9960000000000001, 0.9960000000000001]

listiAveDiversityMetric2EveGen:
[12.43744599750104, 89.0565153408302, 42.02896082187977, 20.384490906566704, 11.885577809246149, 7.54040856309871, 5.203986960988477, 3.6723536748576984, 3.294556867971678, 2.6994079577953634, 2.0241447841177282, 1.9179614716090518, 1.6967822518395115, 1.5633179508538106, 1.3629787588504791, 1.2296124614743855, 1.2139453894210748, 1.1508859752880742, 1.1389122088018884, 1.157631520199917, 1.2007197889768153, 1.1879179230876027, 1.056797800916285, 1.0099107594058032, 0.9991429793141748, 0.9458525614327367, 0.9157183617936973, 0.9630668999028185, 0.9361493155629599, 0.9262938664445372, 0.8981630987088715, 0.9555940136054423, 1.0261462168540887, 0.946047413577676, 0.8891771539636262, 0.8934611467444121, 0.8972641843676247, 0.8678798056365403, 0.8692119616826322, 0.8694361349437735, 0.8808621296681937, 0.8809467166458419, 0.8615157017909206, 0.8181343995557407, 0.7875006747188672, 0.8075723115368596, 0.8397351770095793, 0.8383465111758988, 0.8506132222684991, 0.8690444759128141, 0.8884457253921977]

listiAveFitEvaNumByThisGen:
[50, 638, 1228, 1817, 2408, 2999, 3588, 4179, 4770, 5361, 5951, 6542, 7131, 7722, 8311, 8901, 9491, 10082, 10672, 11261, 11851, 12442, 13031, 13620, 14211, 14800, 15391, 15981, 16572, 17160, 17750, 18340, 18932, 19522, 20113, 20702, 21293, 21883, 22474, 23064, 23654, 24244, 24836, 25427, 26015, 26605, 27193, 27784, 28374, 28965, 29554]
------------------------new instance-----------------------------
listiEveGenLocalSearchedIndNum_AllRunsEve:
[0.0, 10.0, 19.966666666666665, 29.933333333333334, 39.53333333333333, 47.6, 54.96666666666667, 61.0, 65.36666666666666, 68.86666666666666, 71.16666666666667, 72.53333333333333, 73.03333333333333, 73.16666666666667, 73.2, 73.2, 73.2, 73.23333333333333, 73.33333333333333, 73.4, 73.4, 73.43333333333334, 73.5, 73.66666666666667, 73.8, 73.8, 73.8, 73.8, 73.8, 73.8, 73.8, 73.8, 73.8, 73.83333333333333, 73.86666666666666, 73.86666666666666, 73.86666666666666, 73.86666666666666, 73.86666666666666, 73.86666666666666, 73.86666666666666, 73.86666666666666, 73.9, 73.9, 73.9, 73.9, 73.9, 73.9, 73.9, 73.9, 73.9]

listfEveGenBestIndFitness_AllRunsAve:
[0.054773509625678264, 0.06284120113891838, 0.08082021379966949, 0.09859150689127683, 0.11219194653268907, 0.12392788736301735, 0.13405349247971224, 0.1387104475149762, 0.14143642415231727, 0.14305904415340942, 0.1441088398906873, 0.14430153129400328, 0.14437331667170736, 0.14439775228958865, 0.14439775228958865, 0.14439775228958865, 0.14439775228958865, 0.1444681146110146, 0.1444681146110146, 0.1444681146110146, 0.1444681146110146, 0.1444681146110146, 0.14473392884848513, 0.14473392884848513, 0.14473392884848513, 0.14473392884848513, 0.14473392884848513, 0.14473392884848513, 0.14473392884848513, 0.14473392884848513, 0.14473392884848513, 0.14473392884848513, 0.14473392884848513, 0.14480823444270416, 0.14480823444270416, 0.14480823444270416, 0.14480823444270416, 0.14480823444270416, 0.14480823444270416, 0.14480823444270416, 0.14480823444270416, 0.14480823444270416, 0.14485025212431804, 0.14485025212431804, 0.14485025212431804, 0.14485025212431804, 0.14485025212431804, 0.14485025212431804, 0.14485025212431804, 0.14485025212431804, 0.14485025212431804]

listEveGenDiversityMetric1_AllRunsAve:
[1.0, 0.9993333333333333, 0.9733333333333333, 0.9046666666666667, 0.8053333333333333, 0.7253333333333334, 0.6493333333333335, 0.5246666666666667, 0.41466666666666685, 0.33266666666666667, 0.24866666666666667, 0.17466666666666666, 0.1226666666666667, 0.09600000000000004, 0.07066666666666668, 0.059333333333333356, 0.05266666666666668, 0.05466666666666668, 0.05666666666666668, 0.05733333333333335, 0.05266666666666668, 0.05266666666666668, 0.05666666666666668, 0.06666666666666668, 0.05933333333333335, 0.05466666666666668, 0.05466666666666668, 0.05400000000000002, 0.05333333333333335, 0.05266666666666668, 0.05266666666666668, 0.05333333333333335, 0.05333333333333335, 0.05466666666666669, 0.05466666666666669, 0.05466666666666669, 0.05466666666666669, 0.05533333333333336, 0.05533333333333336, 0.05466666666666669, 0.05400000000000001, 0.054666666666666676, 0.055333333333333345, 0.055333333333333345, 0.055333333333333345, 0.055333333333333345, 0.055333333333333345, 0.055333333333333345, 0.055333333333333345, 0.056000000000000015, 0.056000000000000015]

listfEveGenProportion_belongToLocalSearchedIndNeighbor_exceptCurrLocalSearchedInd_AllRunsAve:
[0.0, 0.0, 0.0, 0.0006666666666666666, 0.012, 0.019333333333333334, 0.06533333333333333, 0.1946666666666667, 0.4139999999999999, 0.5726666666666665, 0.7073333333333334, 0.830666666666667, 0.9500000000000001, 0.9780000000000001, 0.9853333333333334, 0.9986666666666667, 0.9986666666666667, 0.9960000000000001, 0.9960000000000001, 0.9973333333333334, 0.9986666666666667, 0.9973333333333334, 0.9933333333333334, 0.9853333333333334, 0.9946666666666667, 0.9986666666666667, 0.9973333333333334, 0.9973333333333334, 0.9973333333333334, 0.9973333333333334, 0.9973333333333334, 0.9960000000000001, 0.9960000000000001, 0.9946666666666667, 0.9960000000000001, 0.9960000000000001, 0.9960000000000001, 0.9953333333333334, 0.9953333333333334, 0.9953333333333334, 0.9953333333333334, 0.9946666666666668, 0.9940000000000001, 0.9946666666666668, 0.9946666666666668, 0.9946666666666668, 0.9946666666666668, 0.9946666666666668, 0.9946666666666668, 0.9940000000000001, 0.9940000000000001]

listiAveDiversityMetric2EveGen:
[12.43744599750104, 90.77269546577813, 40.948515629598774, 17.714209745939193, 12.92440087741219, 7.319320149937526, 5.171118878245173, 3.630825644870192, 3.2862369568235454, 2.8777458281271686, 2.4236335304734142, 2.0228352852977927, 1.954656670831598, 1.611084092739136, 1.051521599333611, 0.6649529807024851, 0.5634396334860475, 0.5843119144800778, 0.6149076995696238, 0.6059829737609329, 0.5834536942940444, 0.6054170762182426, 0.660565120088852, 0.6572192253227822, 0.6333420630292934, 0.648848579758434, 0.679831403581841, 0.7037628543662362, 0.6833214160766345, 0.6506054477301123, 0.6286330917673193, 0.625089146189088, 0.6260402165764265, 0.637499886158545, 0.6463265195057616, 0.6565837567680135, 0.6616160599750106, 0.6663172122726643, 0.6741784700819105, 0.6515573177842566, 0.6300751575732335, 0.6434979203109815, 0.6472629293349994, 0.6467943245869777, 0.6467887269193393, 0.6473199722337916, 0.6455332500347079, 0.6465545133971956, 0.6449399861168958, 0.6531142690545608, 0.6513706400111067]

listiAveFitEvaNumByThisGen:
[50, 638, 1228, 1817, 2408, 2999, 3588, 4179, 4770, 5361, 5951, 6542, 7131, 7722, 8311, 8901, 9491, 10082, 10672, 11261, 11851, 12442, 13031, 13620, 14211, 14800, 15391, 15981, 16572, 17160, 17750, 18340, 18932, 19522, 20113, 20702, 21293, 21883, 22474, 23064, 23654, 24244, 24836, 25427, 26015, 26605, 27193, 27784, 28374, 28965, 29554]
------------------------new instance-----------------------------
listiEveGenLocalSearchedIndNum_AllRunsEve:
[0.0, 10.0, 19.966666666666665, 29.933333333333334, 39.7, 47.833333333333336, 53.96666666666667, 58.9, 62.63333333333333, 65.2, 67.1, 68.66666666666667, 69.46666666666667, 69.9, 70.1, 70.1, 70.1, 70.1, 70.1, 70.1, 70.1, 70.1, 70.1, 70.1, 70.1, 70.1, 70.1, 70.1, 70.1, 70.1, 70.1, 70.1, 70.1, 70.13333333333334, 70.13333333333334, 70.13333333333334, 70.13333333333334, 70.13333333333334, 70.13333333333334, 70.13333333333334, 70.13333333333334, 70.13333333333334, 70.13333333333334, 70.13333333333334, 70.13333333333334, 70.16666666666667, 70.2, 70.26666666666667, 70.3, 70.3, 70.3]

listfEveGenBestIndFitness_AllRunsAve:
[0.050553125913949275, 0.056816905315744806, 0.07408254502744721, 0.09320315107324555, 0.10713195856256721, 0.11804309601260103, 0.12461649832043513, 0.13016988983302266, 0.13365470415848543, 0.13599384797545844, 0.13783355543061437, 0.1382825148178736, 0.1389357255030126, 0.13916927667165052, 0.13916927667165052, 0.13916927667165052, 0.13916927667165052, 0.13916927667165052, 0.13916927667165052, 0.13916927667165052, 0.13916927667165052, 0.13916927667165052, 0.13916927667165052, 0.13916927667165052, 0.13916927667165052, 0.13916927667165052, 0.13916927667165052, 0.13916927667165052, 0.13916927667165052, 0.13916927667165052, 0.13916927667165052, 0.13916927667165052, 0.13916927667165052, 0.13916927667165052, 0.13916927667165052, 0.13916927667165052, 0.13916927667165052, 0.13916927667165052, 0.13916927667165052, 0.13916927667165052, 0.13916927667165052, 0.13916927667165052, 0.13916927667165052, 0.13916927667165052, 0.13916927667165052, 0.13931732104324743, 0.13931732104324743, 0.13931732104324743, 0.13931732104324743, 0.13931732104324743, 0.13931732104324743]

listEveGenDiversityMetric1_AllRunsAve:
[1.0, 0.9993333333333333, 0.9893333333333333, 0.9173333333333337, 0.7760000000000002, 0.67, 0.5253333333333334, 0.438, 0.3273333333333333, 0.26266666666666666, 0.21800000000000003, 0.17733333333333337, 0.12733333333333338, 0.10400000000000004, 0.08200000000000003, 0.0686666666666667, 0.06333333333333337, 0.06133333333333336, 0.058666666666666686, 0.058666666666666686, 0.058000000000000024, 0.05800000000000003, 0.05800000000000003, 0.05800000000000003, 0.05800000000000003, 0.05800000000000003, 0.05733333333333336, 0.05733333333333336, 0.05666666666666669, 0.05666666666666669, 0.05666666666666669, 0.05666666666666669, 0.05666666666666669, 0.05733333333333336, 0.05733333333333336, 0.05733333333333336, 0.05733333333333336, 0.05733333333333336, 0.05733333333333336, 0.05733333333333336, 0.05733333333333336, 0.05800000000000003, 0.05800000000000003, 0.05800000000000003, 0.05800000000000003, 0.061333333333333365, 0.0666666666666667, 0.06466666666666669, 0.060666666666666695, 0.05933333333333336, 0.05933333333333336]

listfEveGenProportion_belongToLocalSearchedIndNeighbor_exceptCurrLocalSearchedInd_AllRunsAve:
[0.0, 0.0, 0.0, 0.0006666666666666666, 0.012666666666666666, 0.032, 0.11533333333333337, 0.24066666666666672, 0.3633333333333334, 0.5573333333333333, 0.7146666666666667, 0.7820000000000001, 0.9393333333333334, 0.9313333333333333, 0.9766666666666667, 0.9993333333333333, 0.9993333333333333, 0.9993333333333333, 0.9993333333333333, 0.9993333333333333, 0.9993333333333333, 0.9986666666666667, 0.9986666666666667, 0.9986666666666667, 0.9986666666666667, 0.9986666666666667, 0.9986666666666667, 0.9986666666666667, 0.9986666666666667, 0.9986666666666667, 0.9986666666666667, 0.9986666666666667, 0.9986666666666667, 0.998, 0.9986666666666667, 0.9986666666666667, 0.9986666666666667, 0.9986666666666667, 0.9986666666666667, 0.9986666666666667, 0.9986666666666667, 0.998, 0.998, 0.998, 0.998, 0.9946666666666668, 0.9926666666666667, 0.9973333333333334, 0.998, 0.998, 0.998]

listiAveDiversityMetric2EveGen:
[12.43744599750104, 82.11158452866862, 36.02249951409136, 15.984239278078578, 10.136291745106206, 5.936677317784257, 4.197523920588643, 3.318776554213522, 2.8148939719561303, 1.8646558600583096, 1.383979164237124, 1.0670534388449255, 0.991805325558795, 0.8824487574621684, 0.7549922643343052, 0.7055414021935305, 0.6755512314313479, 0.6240462029709845, 0.6100271553519367, 0.6141699625156185, 0.6256278550603915, 0.6468013438844926, 0.6489641760377621, 0.6536899403026517, 0.6594573150076358, 0.6628293322226853, 0.665832081077329, 0.6707319061502152, 0.6744587088713038, 0.6754960544217687, 0.6853398639455782, 0.6851273302790503, 0.6869115646258502, 0.6939417909204497, 0.6958209190615021, 0.695788488129946, 0.6983372927946689, 0.6967697681521589, 0.693502862696099, 0.6898234180202695, 0.6878061252256005, 0.6995231098153547, 0.6979057392753021, 0.6988210023601276, 0.6976350076357073, 0.7302789171178675, 0.756090739969457, 0.7272728807441342, 0.7149105650423433, 0.7054792058864361, 0.7050589365542135]

listiAveFitEvaNumByThisGen:
[50, 638, 1228, 1817, 2408, 2999, 3588, 4179, 4770, 5361, 5951, 6542, 7131, 7722, 8311, 8901, 9491, 10082, 10672, 11261, 11851, 12442, 13031, 13620, 14211, 14800, 15391, 15981, 16572, 17160, 17750, 18340, 18932, 19522, 20113, 20702, 21293, 21883, 22474, 23064, 23654, 24244, 24836, 25427, 26015, 26605, 27193, 27784, 28374, 28965, 29554]
------------------------new instance-----------------------------
listiEveGenLocalSearchedIndNum_AllRunsEve:
[0.0, 9.966666666666667, 19.966666666666665, 29.966666666666665, 39.766666666666666, 48.53333333333333, 55.63333333333333, 61.1, 65.33333333333333, 68.4, 70.53333333333333, 71.76666666666667, 72.23333333333333, 72.53333333333333, 72.56666666666666, 72.56666666666666, 72.56666666666666, 72.56666666666666, 72.56666666666666, 72.56666666666666, 72.6, 72.6, 72.6, 72.63333333333334, 72.63333333333334, 72.63333333333334, 72.66666666666667, 72.7, 72.73333333333333, 72.73333333333333, 72.73333333333333, 72.73333333333333, 72.76666666666667, 72.76666666666667, 72.8, 72.93333333333334, 73.0, 73.0, 73.0, 73.03333333333333, 73.03333333333333, 73.06666666666666, 73.1, 73.13333333333334, 73.16666666666667, 73.16666666666667, 73.16666666666667, 73.16666666666667, 73.16666666666667, 73.16666666666667, 73.16666666666667]

listfEveGenBestIndFitness_AllRunsAve:
[0.05063425715814721, 0.05694657590397116, 0.07372170812359276, 0.09149092494106933, 0.10623331823240036, 0.11968095514100573, 0.1298430648946487, 0.1364153067297198, 0.1402427161202411, 0.14211047170622443, 0.14315310823224187, 0.14322897884352226, 0.14338264328173753, 0.14338264328173753, 0.14338264328173753, 0.14338264328173753, 0.14338264328173753, 0.14338264328173753, 0.14338264328173753, 0.14338264328173753, 0.14340534129298604, 0.14340534129298604, 0.14340534129298604, 0.14340534129298604, 0.14340534129298604, 0.14340534129298604, 0.14340534129298604, 0.1434360005390009, 0.1434360005390009, 0.1434360005390009, 0.1434360005390009, 0.1434360005390009, 0.14346329827110121, 0.14346329827110121, 0.14365109191871275, 0.14374398601941055, 0.14374398601941055, 0.14374398601941055, 0.14374398601941055, 0.14374398601941055, 0.14374398601941055, 0.1437741741147379, 0.14379804437437277, 0.14379804437437277, 0.14379804437437277, 0.14379804437437277, 0.14379804437437277, 0.14379804437437277, 0.14379804437437277, 0.14379804437437277, 0.14379804437437277]

listEveGenDiversityMetric1_AllRunsAve:
[1.0, 0.9993333333333333, 0.99, 0.9380000000000002, 0.8160000000000002, 0.7413333333333333, 0.6233333333333334, 0.5053333333333333, 0.3926666666666667, 0.29133333333333333, 0.25799999999999995, 0.1853333333333334, 0.13400000000000004, 0.11200000000000004, 0.0946666666666667, 0.08800000000000005, 0.08133333333333338, 0.08000000000000004, 0.07933333333333338, 0.07533333333333338, 0.07600000000000004, 0.07600000000000004, 0.07600000000000004, 0.07600000000000004, 0.07533333333333338, 0.07533333333333338, 0.07600000000000004, 0.07733333333333338, 0.07800000000000004, 0.0766666666666667, 0.0766666666666667, 0.0766666666666667, 0.07733333333333338, 0.07733333333333338, 0.08200000000000005, 0.08666666666666671, 0.07933333333333338, 0.0766666666666667, 0.07600000000000004, 0.07533333333333338, 0.07600000000000004, 0.07800000000000004, 0.0786666666666667, 0.08000000000000003, 0.07933333333333338, 0.07800000000000004, 0.07733333333333338, 0.07733333333333338, 0.07733333333333338, 0.0766666666666667, 0.07733333333333338]

listfEveGenProportion_belongToLocalSearchedIndNeighbor_exceptCurrLocalSearchedInd_AllRunsAve:
[0.0, 0.0, 0.0, 0.0, 0.008, 0.015999999999999997, 0.07600000000000003, 0.1753333333333333, 0.33666666666666667, 0.578, 0.7786666666666667, 0.8846666666666665, 0.9693333333333334, 0.9893333333333334, 0.9979999999999999, 0.9979999999999999, 0.9979999999999999, 0.9979999999999999, 0.9979999999999999, 0.9979999999999999, 0.9973333333333334, 0.9979999999999999, 0.9973333333333334, 0.9966666666666666, 0.9973333333333334, 0.9966666666666667, 0.996, 0.9953333333333333, 0.996, 0.9966666666666667, 0.9966666666666667, 0.9966666666666667, 0.9953333333333333, 0.996, 0.9906666666666666, 0.9866666666666667, 0.9920000000000001, 0.9986666666666667, 0.9986666666666667, 0.998, 0.998, 0.996, 0.9973333333333334, 0.9966666666666667, 0.9973333333333334, 0.998, 0.998, 0.998, 0.998, 0.9973333333333334, 0.9966666666666667]

listiAveDiversityMetric2EveGen:
[12.43744599750104, 79.13952670831597, 30.957874663334728, 16.929115002082465, 10.829561638206298, 7.449905206164099, 5.273195190892683, 3.564112819658475, 2.734183068166042, 2.5254382229626544, 2.349368029987505, 2.0591414021935304, 1.7431011745106209, 1.562840994030265, 1.351195935027072, 1.1956782451756212, 1.1708955935027072, 1.165634940996807, 1.1408314091350826, 1.0761942523948353, 1.0822037484381508, 1.0872849201721502, 1.0870670553935862, 1.0886846036373732, 1.0890101568790782, 1.0953997612106068, 1.0901808690823267, 1.0934375565736498, 1.0919635040955158, 1.0880834319033736, 1.091427016520894, 1.0938752408718588, 1.1021650312369846, 1.1073547799527974, 1.123524487019298, 1.1025381202276832, 1.0839547521865889, 1.0828806219630709, 1.0644617187283076, 1.0617133527696792, 1.0608823212550325, 1.083413111203665, 1.111153463834513, 1.1391482882132444, 1.1221528807441343, 1.1081976287657922, 1.0850547383034845, 1.0910753408302096, 1.1079123254199639, 1.1138101346661113, 1.1127667471886713]

listiAveFitEvaNumByThisGen:
[50, 638, 1228, 1817, 2408, 2999, 3588, 4179, 4770, 5361, 5951, 6542, 7131, 7722, 8311, 8901, 9491, 10082, 10672, 11261, 11851, 12442, 13031, 13620, 14211, 14800, 15391, 15981, 16572, 17160, 17750, 18340, 18932, 19522, 20113, 20702, 21293, 21883, 22474, 23064, 23654, 24244, 24836, 25427, 26015, 26605, 27193, 27784, 28374, 28965, 29554]
------------------------new instance-----------------------------
listiEveGenLocalSearchedIndNum_AllRunsEve:
[0.0, 9.966666666666667, 19.966666666666665, 29.866666666666667, 39.63333333333333, 48.53333333333333, 55.4, 60.9, 64.7, 67.2, 69.16666666666667, 70.43333333333334, 71.4, 71.86666666666666, 72.13333333333334, 72.13333333333334, 72.13333333333334, 72.13333333333334, 72.13333333333334, 72.13333333333334, 72.13333333333334, 72.13333333333334, 72.13333333333334, 72.16666666666667, 72.2, 72.2, 72.2, 72.23333333333333, 72.23333333333333, 72.26666666666667, 72.26666666666667, 72.3, 72.3, 72.33333333333333, 72.33333333333333, 72.36666666666666, 72.5, 72.73333333333333, 72.8, 72.83333333333333, 72.86666666666666, 72.86666666666666, 72.86666666666666, 72.86666666666666, 72.86666666666666, 72.86666666666666, 72.9, 72.9, 72.9, 72.9, 72.9]

listfEveGenBestIndFitness_AllRunsAve:
[0.05024139071760524, 0.05640910199816576, 0.0754920229721639, 0.09153171504919086, 0.10911315248122329, 0.12184687204098912, 0.13251696878812733, 0.13879748136342768, 0.14356949034573094, 0.14697682828576353, 0.14929709513451053, 0.15031551017270112, 0.15126305551514982, 0.15140555539249242, 0.15153594404140597, 0.15153594404140597, 0.15153594404140597, 0.15153594404140597, 0.15153594404140597, 0.15153594404140597, 0.15153594404140597, 0.15153594404140597, 0.15153594404140597, 0.15166410421450152, 0.15179449286341506, 0.15179449286341506, 0.15179449286341506, 0.15192488151232858, 0.15192488151232858, 0.15197547199348482, 0.15197547199348482, 0.15210586064239834, 0.15210586064239834, 0.15223624929131188, 0.15223624929131188, 0.15253424375678742, 0.15264251360948575, 0.15278501348682835, 0.15278501348682835, 0.1529154021357419, 0.1529154021357419, 0.1529154021357419, 0.1529154021357419, 0.1529154021357419, 0.1529154021357419, 0.1529154021357419, 0.1529154021357419, 0.1529154021357419, 0.1529154021357419, 0.1529154021357419, 0.1529154021357419]

listEveGenDiversityMetric1_AllRunsAve:
[1.0, 0.9993333333333333, 0.9966666666666666, 0.8740000000000002, 0.83, 0.7066666666666664, 0.618, 0.4706666666666667, 0.3393333333333334, 0.26, 0.226, 0.17800000000000002, 0.14400000000000002, 0.12533333333333338, 0.08933333333333335, 0.07066666666666667, 0.06400000000000002, 0.05933333333333337, 0.05733333333333337, 0.056000000000000036, 0.05400000000000002, 0.05400000000000002, 0.05400000000000002, 0.056666666666666705, 0.05933333333333337, 0.05800000000000004, 0.05800000000000004, 0.06066666666666669, 0.06066666666666669, 0.06266666666666669, 0.06266666666666669, 0.06466666666666669, 0.06466666666666669, 0.0666666666666667, 0.06600000000000003, 0.0686666666666667, 0.08066666666666669, 0.08066666666666669, 0.07333333333333335, 0.07000000000000003, 0.07066666666666668, 0.0686666666666667, 0.0686666666666667, 0.0666666666666667, 0.06600000000000003, 0.06600000000000003, 0.0666666666666667, 0.06533333333333337, 0.06466666666666669, 0.06266666666666669, 0.06266666666666669]

listfEveGenProportion_belongToLocalSearchedIndNeighbor_exceptCurrLocalSearchedInd_AllRunsAve:
[0.0, 0.0, 0.0, 0.0, 0.004666666666666667, 0.04800000000000001, 0.09533333333333335, 0.20800000000000002, 0.39133333333333326, 0.5239999999999999, 0.7073333333333334, 0.8093333333333333, 0.9166666666666666, 0.954, 0.9853333333333334, 1.0, 1.0, 0.9993333333333333, 0.9993333333333333, 0.9986666666666667, 0.9986666666666667, 0.9986666666666667, 0.9986666666666667, 0.9960000000000001, 0.9960000000000001, 0.9986666666666667, 0.9986666666666667, 0.9960000000000001, 0.998, 0.9960000000000001, 0.9973333333333334, 0.9946666666666667, 0.998, 0.9953333333333333, 0.9986666666666667, 0.9953333333333333, 0.9846666666666667, 0.9819999999999999, 0.9873333333333333, 0.9973333333333333, 0.9966666666666666, 0.9979999999999999, 0.9979999999999999, 0.9979999999999999, 0.9979999999999999, 0.9979999999999999, 0.9973333333333334, 0.9979999999999999, 0.9979999999999999, 0.9979999999999999, 0.9979999999999999]

listiAveDiversityMetric2EveGen:
[12.43744599750104, 79.8436811328613, 32.082579725114535, 16.679023562404552, 9.17151355823962, 6.479103928918508, 4.684506344578648, 3.1098644009440504, 2.0453515923920587, 1.5382984201027354, 1.5680334083020964, 1.2829832014438425, 1.1279025739275303, 0.8758841149521033, 0.7721555129807024, 0.6822665667083161, 0.5916419269748716, 0.5865422740524782, 0.584518495071498, 0.593560771900597, 0.5852620963487437, 0.5876168485353326, 0.5917650756629182, 0.6090442759961129, 0.6340590087463558, 0.6467403915035402, 0.6562458531167571, 0.6727033513813689, 0.6927993336109954, 0.7293742274052478, 0.7539398139664029, 0.7726046591697904, 0.7844942829376649, 0.8088579092044983, 0.8205955962793285, 0.86182055254755, 0.9183809857004026, 0.920689712619742, 0.9274219297514924, 0.934438739414133, 0.9435010079133697, 0.9504838761627101, 0.9598693877551021, 0.9620489240594197, 0.9692665389421076, 0.9764490573372206, 0.9863529307233095, 1.0041547577398307, 1.020744023323615, 1.0048978259058725, 1.0132645619880603]

listiAveFitEvaNumByThisGen:
[50, 638, 1228, 1817, 2408, 2999, 3588, 4179, 4770, 5361, 5951, 6542, 7131, 7722, 8311, 8901, 9491, 10082, 10672, 11261, 11851, 12442, 13031, 13620, 14211, 14800, 15391, 15981, 16572, 17160, 17750, 18340, 18932, 19522, 20113, 20702, 21293, 21883, 22474, 23064, 23654, 24244, 24836, 25427, 26015, 26605, 27193, 27784, 28374, 28965, 29554]
------------------------new instance-----------------------------
listiEveGenLocalSearchedIndNum_AllRunsEve:
[0.0, 9.966666666666667, 19.966666666666665, 29.966666666666665, 39.5, 47.86666666666667, 54.8, 60.166666666666664, 64.1, 66.63333333333334, 68.73333333333333, 70.26666666666667, 71.36666666666666, 71.93333333333334, 72.1, 72.13333333333334, 72.16666666666667, 72.23333333333333, 72.3, 72.4, 72.46666666666667, 72.5, 72.63333333333334, 72.76666666666667, 72.8, 72.8, 72.8, 72.8, 72.8, 72.8, 72.8, 72.8, 72.83333333333333, 72.86666666666666, 72.9, 72.96666666666667, 73.0, 73.03333333333333, 73.06666666666666, 73.06666666666666, 73.06666666666666, 73.06666666666666, 73.1, 73.13333333333334, 73.13333333333334, 73.13333333333334, 73.16666666666667, 73.16666666666667, 73.16666666666667, 73.16666666666667, 73.16666666666667]

listfEveGenBestIndFitness_AllRunsAve:
[0.054236500904331755, 0.06141614176453894, 0.07699158399191833, 0.0931712912847104, 0.10730958733898727, 0.11944139784394354, 0.1270685871969078, 0.13138158826359464, 0.13362307777819635, 0.13514813460434444, 0.1368766387310564, 0.13750909872167588, 0.13767375528565215, 0.13780118529613264, 0.13780118529613264, 0.13780118529613264, 0.13780118529613264, 0.13784274029291807, 0.13799411172784357, 0.13799411172784357, 0.13799411172784357, 0.1381684155073004, 0.13825793007927564, 0.13826770334333244, 0.13826770334333244, 0.13826770334333244, 0.13826770334333244, 0.13826770334333244, 0.13826770334333244, 0.13826770334333244, 0.13826770334333244, 0.13826770334333244, 0.1384170191563706, 0.1384170191563706, 0.1384170191563706, 0.13842235623523133, 0.13842235623523133, 0.13844933700289191, 0.13844933700289191, 0.13844933700289191, 0.13844933700289191, 0.13844933700289191, 0.1385145987390783, 0.1385145987390783, 0.1385145987390783, 0.1385145987390783, 0.13857715912640392, 0.13857715912640392, 0.13857715912640392, 0.13857715912640392, 0.13857715912640392]

listEveGenDiversityMetric1_AllRunsAve:
[1.0, 0.9993333333333333, 0.982, 0.9006666666666666, 0.7993333333333335, 0.7380000000000002, 0.6133333333333333, 0.47400000000000014, 0.3819999999999999, 0.2913333333333334, 0.24666666666666667, 0.218, 0.18866666666666668, 0.15466666666666665, 0.13400000000000004, 0.11666666666666671, 0.1046666666666667, 0.10000000000000003, 0.10000000000000003, 0.09800000000000003, 0.09200000000000003, 0.09200000000000003, 0.10200000000000002, 0.1006666666666667, 0.09200000000000005, 0.08800000000000004, 0.08733333333333336, 0.08533333333333336, 0.08533333333333339, 0.08466666666666671, 0.08533333333333339, 0.08533333333333339, 0.08600000000000005, 0.08800000000000004, 0.0886666666666667, 0.08800000000000004, 0.0846666666666667, 0.08533333333333339, 0.08600000000000005, 0.08466666666666671, 0.08400000000000005, 0.08266666666666671, 0.08400000000000005, 0.08400000000000003, 0.08133333333333335, 0.08066666666666669, 0.08000000000000003, 0.08066666666666669, 0.07933333333333335, 0.07866666666666669, 0.07933333333333335]

listfEveGenProportion_belongToLocalSearchedIndNeighbor_exceptCurrLocalSearchedInd_AllRunsAve:
[0.0, 0.0, 0.0, 0.0, 0.004666666666666667, 0.02066666666666667, 0.08933333333333336, 0.218, 0.3980000000000001, 0.6466666666666666, 0.7586666666666667, 0.8473333333333332, 0.9173333333333334, 0.9773333333333334, 0.9866666666666667, 0.998, 0.9966666666666667, 0.9953333333333334, 0.9920000000000001, 0.9926666666666667, 0.9966666666666667, 0.9926666666666667, 0.9826666666666668, 0.9866666666666667, 0.9960000000000001, 0.9960000000000001, 0.9960000000000001, 0.9960000000000001, 0.9953333333333334, 0.9953333333333334, 0.9946666666666668, 0.9946666666666668, 0.9933333333333334, 0.9926666666666667, 0.9933333333333335, 0.9920000000000001, 0.9946666666666668, 0.9933333333333335, 0.9926666666666668, 0.9946666666666668, 0.9946666666666668, 0.9940000000000001, 0.9920000000000002, 0.9920000000000002, 0.9933333333333335, 0.9933333333333335, 0.9913333333333334, 0.9926666666666668, 0.9926666666666668, 0.9926666666666668, 0.9920000000000002]

listiAveDiversityMetric2EveGen:
[12.43744599750104, 82.23428513674857, 34.03949136748577, 19.3885624101069, 10.498136620852424, 6.609729057337222, 4.855077406636124, 3.3921522032486466, 2.9284749132305974, 2.2238151881160624, 1.9307909704289883, 1.8101486158545055, 1.755601743717895, 1.7180789782035262, 1.7569131972789118, 1.731500408163265, 1.698688657503818, 1.6753907205331109, 1.691393919200333, 1.747843020963487, 1.8186176204359292, 1.7533274024711922, 1.7976959378036925, 1.8544055532417045, 1.7503380702485076, 1.7531717339997224, 1.7599575288074414, 1.7403662251839518, 1.754166786061364, 1.7541010356795785, 1.7633176398722759, 1.7724782673885886, 1.7845989060113845, 1.8017302568374294, 1.8076779119811193, 1.770795768429821, 1.7446071248091073, 1.7824622851589615, 1.822649273913647, 1.8630644342635014, 1.8702083909482154, 1.9135407358045258, 1.9829934860474803, 1.9844730473413856, 1.8030813383312512, 1.735444897959184, 1.710493250034708, 1.7613863556851315, 1.734748299319728, 1.6728912286547275, 1.6787239094821607]

listiAveFitEvaNumByThisGen:
[50, 638, 1228, 1817, 2408, 2999, 3588, 4179, 4770, 5361, 5951, 6542, 7131, 7722, 8311, 8901, 9491, 10082, 10672, 11261, 11851, 12442, 13031, 13620, 14211, 14800, 15391, 15981, 16572, 17160, 17750, 18340, 18932, 19522, 20113, 20702, 21293, 21883, 22474, 23064, 23654, 24244, 24836, 25427, 26015, 26605, 27193, 27784, 28374, 28965, 29554]
------------------------new instance-----------------------------
listiEveGenLocalSearchedIndNum_AllRunsEve:
[0.0, 10.0, 19.966666666666665, 29.966666666666665, 39.63333333333333, 47.8, 54.333333333333336, 59.13333333333333, 62.56666666666667, 65.36666666666666, 67.76666666666667, 69.23333333333333, 70.03333333333333, 70.6, 70.76666666666667, 70.8, 70.8, 70.83333333333333, 70.86666666666666, 70.9, 70.9, 70.9, 70.93333333333334, 71.0, 71.03333333333333, 71.03333333333333, 71.06666666666666, 71.2, 71.3, 71.3, 71.3, 71.3, 71.3, 71.33333333333333, 71.43333333333334, 71.43333333333334, 71.46666666666667, 71.5, 71.56666666666666, 71.56666666666666, 71.56666666666666, 71.56666666666666, 71.56666666666666, 71.63333333333334, 71.73333333333333, 71.86666666666666, 72.1, 72.16666666666667, 72.16666666666667, 72.2, 72.26666666666667]

listfEveGenBestIndFitness_AllRunsAve:
[0.050822109947596124, 0.05685472351889486, 0.07360739966598126, 0.09143405501767038, 0.10674137061951892, 0.11918154700331035, 0.12608692453953912, 0.13059007339116266, 0.13371745172898536, 0.1359838497760967, 0.13722712608268584, 0.13786773579353176, 0.1384554592929989, 0.13851185863783833, 0.13851185863783833, 0.13851185863783833, 0.13851185863783833, 0.13855407934490546, 0.13855407934490546, 0.13855407934490546, 0.13855407934490546, 0.13855407934490546, 0.138586756283559, 0.138586756283559, 0.13862862456459693, 0.13862862456459693, 0.13877296903038727, 0.13881176998762296, 0.13881176998762296, 0.13881176998762296, 0.13881176998762296, 0.13881176998762296, 0.13881176998762296, 0.1389173134961776, 0.1389173134961776, 0.1389173134961776, 0.13895953420324472, 0.13895953420324472, 0.13899221114189825, 0.13899221114189825, 0.13899221114189825, 0.13899221114189825, 0.13899221114189825, 0.13899221114189825, 0.13926294486607457, 0.13935666297196808, 0.13943120819165952, 0.13943120819165952, 0.13943120819165952, 0.13948942038913026, 0.13948942038913026]

listEveGenDiversityMetric1_AllRunsAve:
[1.0, 1.0, 0.9979999999999999, 0.9166666666666666, 0.7999999999999999, 0.6853333333333332, 0.5566666666666668, 0.4233333333333333, 0.32933333333333337, 0.29466666666666674, 0.23933333333333334, 0.2006666666666667, 0.15666666666666668, 0.12333333333333338, 0.1006666666666667, 0.08333333333333336, 0.0746666666666667, 0.07133333333333337, 0.07133333333333337, 0.0686666666666667, 0.06733333333333337, 0.0666666666666667, 0.06933333333333337, 0.06933333333333337, 0.07000000000000003, 0.07000000000000003, 0.07333333333333338, 0.07600000000000003, 0.07466666666666669, 0.0726666666666667, 0.07133333333333337, 0.07066666666666668, 0.07000000000000002, 0.07266666666666668, 0.07333333333333335, 0.07266666666666668, 0.07200000000000002, 0.07133333333333335, 0.07133333333333337, 0.07200000000000004, 0.07200000000000004, 0.07200000000000004, 0.0726666666666667, 0.07400000000000004, 0.07933333333333338, 0.08800000000000004, 0.08933333333333335, 0.08333333333333336, 0.07933333333333335, 0.08000000000000003, 0.07933333333333335]

listfEveGenProportion_belongToLocalSearchedIndNeighbor_exceptCurrLocalSearchedInd_AllRunsAve:
[0.0, 0.0, 0.0, 0.0, 0.014000000000000002, 0.036000000000000004, 0.12066666666666669, 0.26400000000000007, 0.44266666666666676, 0.6073333333333334, 0.7193333333333333, 0.8726666666666668, 0.9386666666666666, 0.9640000000000001, 0.99, 0.998, 0.9993333333333333, 0.9973333333333334, 0.998, 0.9986666666666667, 0.9986666666666667, 0.9986666666666667, 0.9960000000000001, 0.998, 0.9966666666666667, 0.998, 0.9946666666666667, 0.994, 0.9966666666666667, 0.9966666666666667, 0.9966666666666667, 0.9960000000000001, 0.9960000000000001, 0.9933333333333334, 0.9946666666666667, 0.9960000000000001, 0.9946666666666668, 0.9953333333333334, 0.9946666666666668, 0.9946666666666668, 0.9946666666666668, 0.9946666666666668, 0.9940000000000001, 0.9920000000000001, 0.9873333333333335, 0.9826666666666667, 0.982, 0.9926666666666667, 0.9920000000000001, 0.9893333333333334, 0.9913333333333334]

listiAveDiversityMetric2EveGen:
[12.43744599750104, 85.47227579619604, 33.93256969596002, 20.47899446341802, 10.880458209079551, 6.118475435235316, 4.490021513258364, 3.499873275024295, 2.5605155185339443, 2.290994219075386, 2.074963520755241, 1.8068791336942942, 1.7834500513674856, 1.6006479966680547, 1.565752758572817, 1.1997520144384284, 1.0641958739414135, 0.982081110648341, 1.0392074413438843, 1.071291850617798, 1.0858325475496322, 1.095130895460225, 1.1151064834096904, 1.1328764126058588, 1.1450428987921701, 1.1573496820769127, 1.2020291989448844, 1.2631933138969877, 1.2735569068443706, 1.2655765875329725, 1.277718817159517, 1.2613905095099265, 1.1931410801055118, 1.2201297459391924, 1.2681770151325837, 1.2574144773011244, 1.2340228904623074, 1.2547120477578788, 1.2073259253088995, 1.212369246147439, 1.2128016881854782, 1.2219605386644452, 1.2394533388865747, 1.2714097126197417, 1.3704312980702484, 1.484870104123282, 1.4686665444953493, 1.354316501457726, 1.378026888796335, 1.39467390809385, 1.4294144550881578]

listiAveFitEvaNumByThisGen:
[50, 638, 1228, 1817, 2408, 2999, 3588, 4179, 4770, 5361, 5951, 6542, 7131, 7722, 8311, 8901, 9491, 10082, 10672, 11261, 11851, 12442, 13031, 13620, 14211, 14800, 15391, 15981, 16572, 17160, 17750, 18340, 18932, 19522, 20113, 20702, 21293, 21883, 22474, 23064, 23654, 24244, 24836, 25427, 26015, 26605, 27193, 27784, 28374, 28965, 29554]
------------------------new instance-----------------------------
