listiEveGenLocalSearchedIndNum_AllRunsEve:
[0.0, 10.0, 20.0, 30.0, 40.0, 50.0, 60.0, 70.0, 80.0, 90.0, 100.0, 110.0, 120.0, 130.0, 140.0, 150.0, 160.0, 170.0, 180.0, 190.0, 200.0]

listfEveGenBestIndFitness_AllRunsAve:
[0.050662949955006704, 0.05672138086919074, 0.06778884954530931, 0.07812999405676037, 0.08935488433757736, 0.10051484216675781, 0.11098581771191139, 0.11965592780463735, 0.1264048770828084, 0.13075880310155472, 0.1344940173211402, 0.137090921492425, 0.13914018437273828, 0.14014725154233243, 0.14099221622663374, 0.14115932017293176, 0.1418541821675904, 0.14186681141335003, 0.1422219049260814, 0.14249343440169843, 0.14273013639185322]

listEveGenDiversityMetric1_AllRunsAve:
[1.0, 1.0, 0.9583333333333334, 0.7683333333333333, 0.725, 0.6383333333333334, 0.6000000000000001, 0.5900000000000001, 0.605, 0.6116666666666668, 0.62, 0.6516666666666668, 0.5827777777777778, 0.6038888888888889, 0.5747222222222222, 0.66, 0.6922222222222221, 0.6842929292929294, 0.6029545454545455, 0.6082417929292929, 0.5680997474747476]

listfEveGenProportion_belongToLocalSearchedIndNeighbor_exceptCurrLocalSearchedInd_AllRunsAve:
[0.0, 0.0, 0.0, 0.0, 0.0, 0.0016666666666666668, 0.005, 0.016666666666666666, 0.06166666666666667, 0.20666666666666667, 0.2833333333333333, 0.4099999999999999, 0.5244444444444444, 0.6022222222222222, 0.6833333333333332, 0.6152777777777778, 0.5765909090909092, 0.6002777777777777, 0.7336900252525251, 0.7449810606060606, 0.8253602994227996]

listiAveDiversityMetric2EveGen:
[12.357892890120036, 50.86312557710063, 26.4466325023084, 11.108539242843953, 8.12862511542013, 5.731981532779319, 5.4965226223453385, 3.9168624192059083, 3.1201809787626966, 2.8438301015697127, 2.8886168051708214, 2.8312954755309336, 3.007082218269235, 2.864443001325601, 2.9820021748891103, 3.557350763851247, 3.798808160901177, 3.6513013550063342, 3.499915566945015, 3.738879277213361, 3.8052640062271714]

listiAveFitEvaNumByThisGen:
[20, 540, 1060, 1580, 2100, 2620, 3140, 3660, 4180, 4700, 5220, 5740, 6260, 6783, 7316, 7860, 8430, 9036, 9663, 10313, 11006]
------------------------new instance-----------------------------
listiEveGenLocalSearchedIndNum_AllRunsEve:
[0.0, 10.0, 20.0, 30.0, 40.0, 50.0, 60.0, 70.0, 80.0, 90.0, 100.0, 110.0, 120.0, 130.0, 140.0, 150.0, 160.0, 170.0, 180.0, 190.0, 200.0]

listfEveGenBestIndFitness_AllRunsAve:
[0.05102318320691474, 0.05612763881188174, 0.06651335618467223, 0.07696201919443557, 0.0883284300995623, 0.09869662005604399, 0.10822735350106184, 0.11761345575503265, 0.1250538369740243, 0.13013484126519206, 0.1333625868781974, 0.13554386216479744, 0.13694625217324521, 0.13796789156391753, 0.13834911950756995, 0.13861593873777295, 0.138845105589385, 0.13904366354825667, 0.13941076401259808, 0.13957847072134474, 0.13958822521338973]

listEveGenDiversityMetric1_AllRunsAve:
[1.0, 0.9966666666666666, 0.9683333333333334, 0.8616666666666665, 0.7550000000000001, 0.6433333333333336, 0.5966666666666668, 0.5883333333333334, 0.5866666666666667, 0.5549999999999999, 0.5383333333333333, 0.5691666666666667, 0.5280555555555556, 0.5055555555555555, 0.5499999999999999, 0.6227777777777778, 0.5616666666666666, 0.6232575757575756, 0.5681628787878786, 0.5593939393939394, 0.5379081335331335]

listfEveGenProportion_belongToLocalSearchedIndNeighbor_exceptCurrLocalSearchedInd_AllRunsAve:
[0.0, 0.0, 0.0, 0.0, 0.0, 0.0, 0.006666666666666667, 0.006666666666666667, 0.05333333333333334, 0.145, 0.2966666666666667, 0.3961111111111111, 0.5397222222222222, 0.6383333333333334, 0.6261111111111113, 0.5722222222222221, 0.7003535353535354, 0.6163383838383838, 0.7066856060606062, 0.7390304834054835, 0.7797624250749252]

listiAveDiversityMetric2EveGen:
[12.357892890120036, 69.64126592797784, 36.19620221606648, 13.1555216989843, 8.293391505078485, 7.456132963988919, 5.490121883656509, 3.4678199445983373, 2.6227654662973223, 2.61758079409049, 2.3314496768236377, 2.2470315867733586, 2.117826663877581, 2.279483801854527, 2.6249444766427934, 2.4898957230512284, 2.607391257272456, 3.2778006386778755, 2.930556631509823, 2.9649644468893137, 2.9427950225408166]

listiAveFitEvaNumByThisGen:
[20, 540, 1060, 1580, 2100, 2620, 3140, 3660, 4180, 4700, 5220, 5740, 6263, 6786, 7313, 7856, 8426, 9010, 9626, 10266, 10940]
------------------------new instance-----------------------------
listiEveGenLocalSearchedIndNum_AllRunsEve:
[0.0, 10.0, 20.0, 30.0, 40.0, 50.0, 60.0, 70.0, 80.0, 90.0, 100.0, 110.0, 120.0, 130.0, 140.0, 150.0, 160.0, 170.0, 180.0, 190.0, 200.0]

listfEveGenBestIndFitness_AllRunsAve:
[0.05157196451119181, 0.058101792776894715, 0.06896367469600118, 0.08074923068433319, 0.0930934466683945, 0.1036074766319894, 0.11435342474175487, 0.12386210207000911, 0.13153408029678096, 0.1368153910588572, 0.1398882605005487, 0.1422513962269991, 0.14348995843244536, 0.1442427287118459, 0.14461296823667874, 0.14497039553958288, 0.1454509106475007, 0.14558225892603305, 0.145779379571801, 0.14608145747251788, 0.14622581072965407]

listEveGenDiversityMetric1_AllRunsAve:
[1.0, 0.9966666666666666, 0.9533333333333333, 0.8483333333333333, 0.7666666666666668, 0.6649999999999999, 0.6283333333333333, 0.5716666666666667, 0.5683333333333334, 0.5650000000000001, 0.575, 0.5349999999999999, 0.5811111111111112, 0.5691666666666666, 0.6688888888888889, 0.6441666666666666, 0.6338888888888888, 0.5928787878787879, 0.561991792929293, 0.5346685606060607, 0.5472736291486292]

listfEveGenProportion_belongToLocalSearchedIndNeighbor_exceptCurrLocalSearchedInd_AllRunsAve:
[0.0, 0.0, 0.0, 0.0, 0.0, 0.0, 0.0, 0.02, 0.061666666666666675, 0.1733333333333333, 0.30333333333333334, 0.45000000000000007, 0.5858333333333332, 0.6413888888888889, 0.5322222222222223, 0.6297222222222223, 0.646969696969697, 0.7082070707070707, 0.7588731060606063, 0.8091761363636361, 0.8125202922077921]

listiAveDiversityMetric2EveGen:
[12.357892890120036, 54.98835734072021, 24.421045244690678, 15.091733148661126, 8.89634810710988, 6.861221606648201, 5.597052631578947, 3.0496186518928905, 2.6594524469067404, 2.457950138504155, 2.582213296398892, 2.3893721144967675, 2.9067315383398125, 2.9626874554974703, 3.597593946560574, 3.477175103840172, 3.7999174980470922, 3.721212800342595, 3.4188584384891945, 3.403461307245138, 3.430403252916653]

listiAveFitEvaNumByThisGen:
[20, 540, 1060, 1580, 2100, 2620, 3140, 3660, 4180, 4700, 5220, 5740, 6260, 6786, 7326, 7903, 8496, 9116, 9756, 10426, 11133]
------------------------new instance-----------------------------
listiEveGenLocalSearchedIndNum_AllRunsEve:
[0.0, 10.0, 20.0, 30.0, 40.0, 50.0, 60.0, 70.0, 80.0, 90.0, 100.0, 110.0, 120.0, 130.0, 140.0, 150.0, 160.0, 170.0, 180.0, 190.0, 200.0]

listfEveGenBestIndFitness_AllRunsAve:
[0.04736888722462987, 0.05314626091606126, 0.06377008858515763, 0.07414079780999837, 0.08534552611990913, 0.0956926917269715, 0.10498129434848252, 0.11321206602574295, 0.11944021805014214, 0.12525749596267935, 0.13009473501535485, 0.13326255005856272, 0.1359970752203121, 0.1374988681479725, 0.13838225817385252, 0.138736692609344, 0.1391190608264348, 0.1392352821599855, 0.13941411084171398, 0.13950611806722796, 0.13959812529274193]

listEveGenDiversityMetric1_AllRunsAve:
[1.0, 0.9966666666666666, 0.975, 0.8516666666666667, 0.78, 0.6383333333333334, 0.5966666666666666, 0.5666666666666667, 0.5449999999999999, 0.5816666666666664, 0.5766666666666667, 0.5483333333333335, 0.5163888888888889, 0.4975000000000001, 0.4605555555555556, 0.5852525252525251, 0.6292676767676767, 0.6088604797979797, 0.6148656204906204, 0.563498133810634, 0.5489843657686398]

listfEveGenProportion_belongToLocalSearchedIndNeighbor_exceptCurrLocalSearchedInd_AllRunsAve:
[0.0, 0.0, 0.0, 0.0, 0.0, 0.0033333333333333335, 0.005, 0.016666666666666666, 0.06833333333333334, 0.1516666666666667, 0.2133333333333333, 0.37166666666666676, 0.49333333333333335, 0.6191666666666665, 0.7230555555555557, 0.6078030303030303, 0.6013131313131314, 0.6909753787878787, 0.7062959956709955, 0.8200408619158618, 0.8329138166940585]

listiAveDiversityMetric2EveGen:
[12.357892890120036, 57.14338227146815, 23.760472760849492, 19.370257617728534, 11.176210526315792, 5.863105263157895, 3.164398891966759, 2.7803425669436748, 2.6129547553093264, 2.5845493998153284, 2.6174903047091416, 2.2127045244690673, 2.2331483049939687, 1.807025870446308, 1.861175067818303, 2.4564281252100177, 2.2202456731412954, 2.397004368348535, 2.3864842781228686, 2.129257684145609, 2.3117663843010936]

listiAveFitEvaNumByThisGen:
[20, 540, 1060, 1580, 2100, 2620, 3140, 3660, 4180, 4700, 5220, 5740, 6260, 6783, 7310, 7843, 8410, 9003, 9616, 10273, 10963]
------------------------new instance-----------------------------
listiEveGenLocalSearchedIndNum_AllRunsEve:
[0.0, 10.0, 20.0, 30.0, 40.0, 50.0, 60.0, 70.0, 80.0, 90.0, 100.0, 110.0, 120.0, 130.0, 140.0, 150.0, 160.0, 170.0, 180.0, 190.0, 200.0]

listfEveGenBestIndFitness_AllRunsAve:
[0.04744319282967614, 0.053144249886376435, 0.06275064452725825, 0.07316129062056545, 0.08344082755246561, 0.09258824329450464, 0.10353757342956975, 0.11340771845072227, 0.12166185356765623, 0.12816175897641813, 0.13395496390146058, 0.1374265148361011, 0.14095894394209288, 0.14242031804465063, 0.1437022000800908, 0.1440997432503085, 0.14418303167116706, 0.14424430166016294, 0.14425778222427815, 0.14436371255183086, 0.14436371255183086]

listEveGenDiversityMetric1_AllRunsAve:
[1.0, 1.0, 0.945, 0.8599999999999999, 0.7533333333333334, 0.5716666666666668, 0.5750000000000001, 0.5683333333333334, 0.5533333333333333, 0.5733333333333334, 0.595, 0.5733333333333334, 0.5838888888888889, 0.5880555555555553, 0.5347222222222222, 0.5591666666666668, 0.6275, 0.6270959595959594, 0.6460385101010103, 0.6012378246753246, 0.5736669927294928]

listfEveGenProportion_belongToLocalSearchedIndNeighbor_exceptCurrLocalSearchedInd_AllRunsAve:
[0.0, 0.0, 0.0, 0.0, 0.0, 0.0, 0.0, 0.018333333333333333, 0.058333333333333334, 0.08666666666666667, 0.17, 0.33499999999999996, 0.4430555555555556, 0.4744444444444445, 0.6588888888888889, 0.6608333333333334, 0.6488383838383839, 0.6768181818181819, 0.6807796717171716, 0.7701555735930735, 0.8197134115884117]

listiAveDiversityMetric2EveGen:
[12.357892890120036, 58.924903970452434, 40.28070821791321, 15.800474607571557, 9.909080332409973, 7.054927977839337, 5.7496906740535545, 3.2977054478301016, 2.863072022160665, 2.717072945521699, 2.6894025854108956, 2.369891966759003, 2.5027039107280156, 2.155109722983213, 2.1294995751998766, 2.5628461215330014, 2.833146973669102, 2.8157375151045607, 2.8227245621978185, 2.6964784286093857, 2.8567914916651342]

listiAveFitEvaNumByThisGen:
[20, 540, 1060, 1580, 2100, 2620, 3140, 3660, 4180, 4700, 5220, 5740, 6260, 6786, 7320, 7860, 8420, 9013, 9633, 10290, 10980]
------------------------new instance-----------------------------
listiEveGenLocalSearchedIndNum_AllRunsEve:
[0.0, 10.0, 20.0, 30.0, 40.0, 50.0, 60.0, 70.0, 80.0, 90.0, 100.0, 110.0, 120.0, 130.0, 140.0, 150.0, 160.0, 170.0, 180.0, 190.0, 200.0]

listfEveGenBestIndFitness_AllRunsAve:
[0.04703347227210566, 0.05298448645608538, 0.06269857979257944, 0.07377466312965307, 0.08771244120944516, 0.09890876073009906, 0.10968209695131702, 0.12006817082066285, 0.12859148618284025, 0.13559298323092647, 0.14142479189243304, 0.14560409821903786, 0.14841549796989442, 0.15018919742536563, 0.15160020758153778, 0.1517412237454736, 0.15216269461239113, 0.15233555251709552, 0.15233555251709552, 0.15253516599428033, 0.15253516599428033]

listEveGenDiversityMetric1_AllRunsAve:
[1.0, 0.9983333333333333, 0.97, 0.8383333333333334, 0.7666666666666667, 0.6033333333333335, 0.5600000000000002, 0.5466666666666666, 0.5583333333333332, 0.5583333333333333, 0.5633333333333332, 0.5599999999999999, 0.5375, 0.5475, 0.5844444444444444, 0.6158838383838384, 0.6351515151515151, 0.5873390151515152, 0.5703354978354978, 0.5746992590742591, 0.5829891557814945]

listfEveGenProportion_belongToLocalSearchedIndNeighbor_exceptCurrLocalSearchedInd_AllRunsAve:
[0.0, 0.0, 0.0, 0.0, 0.0, 0.0, 0.008333333333333333, 0.028333333333333335, 0.095, 0.18000000000000005, 0.325, 0.4466666666666666, 0.5691666666666667, 0.5902777777777778, 0.628611111111111, 0.6171969696969696, 0.6640656565656566, 0.7444570707070709, 0.7950487012987011, 0.8058379120879121, 0.8215002616111489]

listiAveDiversityMetric2EveGen:
[12.357892890120036, 38.306033240997216, 19.3988134810711, 14.903917820867957, 7.28163619575254, 4.745202216066483, 3.707456140350877, 2.9077340720221603, 2.6269824561403508, 2.133093259464451, 1.9976842105263155, 1.8734478301015696, 1.8898878777245511, 1.9257464873444168, 2.086108510440187, 2.1949815446677463, 2.5553213518820357, 2.464618012681739, 2.7177588726702124, 2.8017477815820997, 2.753230665242904]

listiAveFitEvaNumByThisGen:
[20, 540, 1060, 1580, 2100, 2620, 3140, 3660, 4180, 4700, 5220, 5740, 6260, 6786, 7330, 7893, 8483, 9106, 9756, 10443, 11176]
------------------------new instance-----------------------------
listiEveGenLocalSearchedIndNum_AllRunsEve:
[0.0, 10.0, 20.0, 30.0, 40.0, 50.0, 60.0, 70.0, 80.0, 90.0, 100.0, 110.0, 120.0, 130.0, 140.0, 150.0, 160.0, 170.0, 180.0, 190.0, 200.0]

listfEveGenBestIndFitness_AllRunsAve:
[0.050301189235533735, 0.05660593070168445, 0.06855326079834574, 0.07960243444377185, 0.09078115574168692, 0.10160829056493251, 0.11146014575094076, 0.11945547807169472, 0.12527212343403843, 0.12939724111496412, 0.13217733821861438, 0.13466340282129166, 0.13627610884948604, 0.13805915050159256, 0.13842549550530317, 0.1390778788395617, 0.13916425701001234, 0.13930057765425868, 0.13952519589684648, 0.13969249957244997, 0.13970867343060303]

listEveGenDiversityMetric1_AllRunsAve:
[1.0, 1.0, 0.965, 0.8150000000000001, 0.7383333333333332, 0.6683333333333334, 0.6083333333333333, 0.5383333333333334, 0.5466666666666667, 0.5600000000000002, 0.6044444444444445, 0.5908333333333334, 0.6400000000000002, 0.6330555555555555, 0.6300000000000001, 0.5759595959595958, 0.6084848484848485, 0.6506881313131312, 0.6500207431457431, 0.6226401376401377, 0.5951673684738202]

listfEveGenProportion_belongToLocalSearchedIndNeighbor_exceptCurrLocalSearchedInd_AllRunsAve:
[0.0, 0.0, 0.0, 0.0, 0.0, 0.0, 0.0016666666666666668, 0.02333333333333333, 0.08833333333333335, 0.22833333333333336, 0.31888888888888883, 0.49055555555555547, 0.5294444444444445, 0.5408333333333334, 0.6355555555555554, 0.6976515151515151, 0.703080808080808, 0.6608301767676767, 0.6842018398268398, 0.7361648421023422, 0.789235560586367]

listiAveDiversityMetric2EveGen:
[12.357892890120036, 67.8492326869806, 30.009055401662053, 14.866470914127422, 9.884558633425668, 5.5223305632502315, 3.6352354570637138, 2.8189325946445067, 3.08486703601108, 2.7659686057248383, 2.884712340352287, 2.873045977167323, 3.072518095460805, 3.0090063388688986, 3.0338069154716374, 2.8942211307306556, 3.01840848212042, 3.401539294954863, 3.268099405716009, 3.211310457174678, 3.2640752759378495]

listiAveFitEvaNumByThisGen:
[20, 540, 1060, 1580, 2100, 2620, 3140, 3660, 4180, 4700, 5220, 5743, 6270, 6806, 7356, 7913, 8483, 9080, 9710, 10376, 11076]
------------------------new instance-----------------------------
listiEveGenLocalSearchedIndNum_AllRunsEve:
[0.0, 10.0, 20.0, 30.0, 40.0, 50.0, 60.0, 70.0, 80.0, 90.0, 100.0, 110.0, 120.0, 130.0, 140.0, 150.0, 160.0, 170.0, 180.0, 190.0, 200.0]

listfEveGenBestIndFitness_AllRunsAve:
[0.04751569896753771, 0.05335776347492475, 0.06321695655362115, 0.07386867794941522, 0.08411081240219866, 0.09462330185697382, 0.10504405792682171, 0.11340573711683517, 0.12130042465742309, 0.1272761875590975, 0.13155862379446656, 0.1349580692976339, 0.13662928024789203, 0.13806467696025257, 0.1385363026149981, 0.13901304679713428, 0.13910647257342026, 0.1393511658697743, 0.13953081410309048, 0.13960368771300039, 0.13972528320781805]

listEveGenDiversityMetric1_AllRunsAve:
[1.0, 0.9983333333333333, 0.9633333333333334, 0.8916666666666667, 0.7349999999999999, 0.6849999999999999, 0.5966666666666668, 0.5516666666666669, 0.545, 0.5533333333333333, 0.5683333333333334, 0.5516666666666669, 0.5725, 0.5766666666666665, 0.6013888888888889, 0.6196212121212121, 0.6099242424242424, 0.583459595959596, 0.652863455988456, 0.603037622100122, 0.5773432638150381]

listfEveGenProportion_belongToLocalSearchedIndNeighbor_exceptCurrLocalSearchedInd_AllRunsAve:
[0.0, 0.0, 0.0, 0.0, 0.0, 0.0, 0.005, 0.020000000000000004, 0.04, 0.13833333333333334, 0.24666666666666667, 0.43333333333333335, 0.4925, 0.6088888888888889, 0.6727777777777779, 0.6219949494949494, 0.6670707070707071, 0.7601388888888889, 0.6797993326118326, 0.7607951076701075, 0.8329962051837053]

listiAveDiversityMetric2EveGen:
[12.357892890120036, 53.538395198522615, 25.06487626962143, 14.801119113573408, 8.798543859649122, 9.940808864265927, 4.852943674976916, 3.885761772853185, 3.7461458910433976, 3.2633028624192066, 2.943638965835641, 2.751958448753462, 2.860064002685426, 2.6050002857786794, 2.7075667251565587, 2.9010033630803584, 2.8190773969967164, 2.7443544111299913, 3.4409315280427863, 3.0346744854183876, 3.1738407508608604]

listiAveFitEvaNumByThisGen:
[20, 540, 1060, 1580, 2100, 2620, 3140, 3660, 4180, 4700, 5220, 5740, 6260, 6790, 7330, 7883, 8466, 9073, 9703, 10390, 11113]
------------------------new instance-----------------------------
