listiEveGenLocalSearchedIndNum_AllRunsEve:
[0.0, 10.0, 20.0, 30.0, 40.0, 50.0, 60.0, 70.0, 80.0, 90.0, 100.0, 110.0, 120.0, 130.0, 140.0, 150.0, 160.0, 170.0, 180.0, 190.0, 200.0, 210.0, 220.0, 230.0, 240.0, 250.0, 260.0, 270.0, 280.0, 290.0, 300.0, 310.0, 320.0, 330.0, 340.0, 350.0, 360.0, 370.0, 380.0, 390.0, 400.0, 410.0, 420.0, 430.0, 440.0, 450.3333333333333, 461.0, 472.6666666666667, 485.3333333333333, 499.6666666666667, 515.0]

listfEveGenBestIndFitness_AllRunsAve:
[0.024371331375862577, 0.025952635942652385, 0.02947353629520647, 0.032914199873244544, 0.036276793791957224, 0.03965480970735792, 0.043241941038389624, 0.04619067171025355, 0.0495283613134975, 0.05314629965603674, 0.0565012505064768, 0.05982565735664881, 0.06328095831425316, 0.06652859153982914, 0.06977514162689696, 0.07305027659958947, 0.07607040452751497, 0.07901029454914114, 0.08172484210945093, 0.08456280360994971, 0.08643782953651499, 0.08844492762803305, 0.0898413157713374, 0.09103712774960454, 0.0917533126184636, 0.09253364440170296, 0.09285690863550604, 0.09306139198042854, 0.09327611154973872, 0.09343804971168704, 0.09343804971168704, 0.09348815784245525, 0.09350327297995249, 0.09357952172304976, 0.09360243801921489, 0.0936373077467524, 0.09366754816380088, 0.09369771551388002, 0.09370297106241511, 0.09371777091786697, 0.09371777091786697, 0.09371777091786697, 0.0937406872140321, 0.0937406872140321, 0.09377555694156964, 0.09379663402649235, 0.09384345718540228, 0.0938783269129398, 0.09389654083164653, 0.09389654083164653, 0.09389654083164653]

listEveGenDiversityMetric1_AllRunsAve:
[1.0, 1.0, 0.995, 0.9294444444444444, 0.8377777777777776, 0.7827777777777778, 0.7322222222222222, 0.6716666666666667, 0.7083333333333334, 0.7200000000000001, 0.7022222222222222, 0.7083333333333333, 0.7211111111111109, 0.7038888888888889, 0.7044444444444445, 0.7066666666666666, 0.7116666666666667, 0.7077777777777777, 0.7033333333333333, 0.6833333333333331, 0.6988888888888888, 0.6511111111111111, 0.6361111111111111, 0.6116666666666666, 0.5848611111111112, 0.5588194444444444, 0.566030982905983, 0.5703792735042736, 0.5368660968660968, 0.5672419639539206, 0.5417399377997203, 0.566332922311183, 0.5811102211946033, 0.5738293431308371, 0.5893606989976264, 0.5904802326800922, 0.6017019711020752, 0.6066940510555218, 0.6228391486050564, 0.628527500998031, 0.6326238220886167, 0.6350839602579995, 0.6353069135676471, 0.6367948322098221, 0.6356476649135799, 0.6335340030531957, 0.6295240340573206, 0.6268441443998808, 0.6215749892987261, 0.6149798984499262, 0.6101278467329271]

listfEveGenProportion_belongToLocalSearchedIndNeighbor_exceptCurrLocalSearchedInd_AllRunsAve:
[0.0, 0.0, 0.0, 0.0, 0.0, 0.0, 0.0, 0.0, 0.0, 0.0, 0.0, 0.0005555555555555556, 0.0005555555555555556, 0.0033333333333333335, 0.01111111111111111, 0.02277777777777778, 0.041666666666666664, 0.05500000000000001, 0.115, 0.21333333333333335, 0.25888888888888884, 0.36777777777777765, 0.41000000000000003, 0.5022222222222222, 0.5700694444444443, 0.6399999999999998, 0.6629967948717947, 0.6739423076923077, 0.7684846866096866, 0.7436962715223586, 0.7907076719576719, 0.7982319049710355, 0.7964625451038495, 0.8569796202972656, 0.8558569797985941, 0.8782605949215191, 0.88562142137426, 0.9139682678604667, 0.9034767543328834, 0.9153084938973411, 0.9210730560013121, 0.9317756225834726, 0.9355823773453485, 0.9400168923834291, 0.9463708533347196, 0.9504902132147067, 0.9554654257303884, 0.9535136265645838, 0.9533032371357493, 0.955276627580433, 0.9555388774207121]

listiAveDiversityMetric2EveGen:
[24.931284858544263, 253.69505354995903, 144.67433191824395, 104.01429198718971, 48.28055248066222, 43.612689754966105, 36.68298425314139, 27.525582452892422, 24.63053988317533, 17.119886069350017, 11.36265560130656, 7.581948077925674, 7.769504048432228, 7.265371955696, 5.602842137742455, 5.089165725047081, 3.2117542000489427, 2.8462533648270507, 2.8789106152978596, 2.955634715439369, 3.053394618404673, 2.669269611754817, 2.869675348718439, 2.666921499781884, 2.4737858051768113, 2.5772977106803276, 2.6028403561286484, 2.4842114023405912, 2.478278382975438, 2.790612959183747, 2.695144808631659, 2.727585236685498, 2.9066972623713885, 3.0136320178414593, 3.1647428101643156, 3.210613133988241, 3.2713706621004444, 3.329391438732247, 3.402851190389744, 3.4439678128790634, 3.455245193226188, 3.44315955838553, 3.4338929235573366, 3.435104847871752, 3.447340472279326, 3.462661759982534, 3.4806246539626695, 3.4975147732654195, 3.508590947907916, 3.547613978762969, 3.594828332958183]

listiAveFitEvaNumByThisGen:
[60, 1120, 2180, 3240, 4300, 5360, 6420, 7480, 8540, 9600, 10660, 11720, 12780, 13840, 14900, 15960, 17020, 18080, 19140, 20200, 21260, 22320, 23380, 24440, 25500, 26566, 27643, 28743, 29863, 31006, 32190, 33410, 34683, 36020, 37416, 38893, 40443, 42080, 43806, 45633, 47560, 49586, 51713, 53940, 56266, 58726, 61320, 64113, 67106, 70366, 73826]
------------------------new instance-----------------------------
listiEveGenLocalSearchedIndNum_AllRunsEve:
[0.0, 10.0, 20.0, 30.0, 40.0, 50.0, 60.0, 70.0, 80.0, 90.0, 100.0, 110.0, 120.0, 130.0, 140.0, 150.0, 160.0, 170.0, 180.0, 190.0, 200.0, 210.0, 220.0, 230.0, 240.0, 250.0, 260.0, 270.0, 280.0, 290.0, 300.0, 310.0, 320.0, 330.0, 340.0, 350.0, 360.0, 370.0, 380.0, 390.0, 400.0, 410.0, 420.0, 430.0, 440.0, 450.0, 460.0, 470.3333333333333, 481.0, 492.0, 504.3333333333333]

listfEveGenBestIndFitness_AllRunsAve:
[0.02340772816676268, 0.024777688185201107, 0.028084527785593914, 0.031693079584515886, 0.03429987508730034, 0.03773684621218864, 0.0409007647652267, 0.04413161244609159, 0.04718284346884783, 0.05058937883185923, 0.0542099546745046, 0.05774215496674869, 0.06137429195370981, 0.06495796047880126, 0.0686672198669061, 0.07198188080513154, 0.07502778374775934, 0.07778812948364001, 0.08060040986535304, 0.08289560248309931, 0.08465410987394126, 0.086206362604669, 0.08743599283212412, 0.08860771587093713, 0.08948088683993506, 0.09027507689863014, 0.09073754667024748, 0.09141016162886305, 0.09159197843793535, 0.091766034082824, 0.091808495620126, 0.09185077262538499, 0.09186480865920242, 0.09186590959476339, 0.09186590959476339, 0.09186590959476339, 0.09186590959476339, 0.09186590959476339, 0.09186590959476339, 0.09186590959476339, 0.09186590959476339, 0.09186590959476339, 0.09186590959476339, 0.09186590959476339, 0.09186590959476339, 0.09186590959476339, 0.09186590959476339, 0.09186590959476339, 0.09186590959476339, 0.09186590959476339, 0.09186590959476339]

listEveGenDiversityMetric1_AllRunsAve:
[1.0, 1.0, 0.9822222222222222, 0.975, 0.7783333333333331, 0.8555555555555555, 0.7411111111111112, 0.6922222222222223, 0.656111111111111, 0.6733333333333333, 0.6855555555555555, 0.6650000000000001, 0.6994444444444444, 0.7133333333333333, 0.7183333333333332, 0.7116666666666667, 0.7000000000000001, 0.6977777777777775, 0.6977777777777777, 0.7127777777777776, 0.6811111111111111, 0.6822222222222222, 0.6577777777777778, 0.6327777777777777, 0.6041666666666667, 0.5622222222222221, 0.55125, 0.5380555555555556, 0.5194017094017095, 0.5046741452991452, 0.5387927350427352, 0.5491795955654649, 0.5557602280971846, 0.5533458580469451, 0.5534022872838662, 0.553687346666366, 0.5602600836954384, 0.5736159973873196, 0.5785763741758425, 0.5886266179010996, 0.5916839002083983, 0.5936199946398937, 0.5938008702630275, 0.5933568182561132, 0.5940227439763647, 0.59312615837722, 0.5943878482016586, 0.5938025688573293, 0.5913055904743677, 0.589371846274772, 0.5830156089021667]

listfEveGenProportion_belongToLocalSearchedIndNeighbor_exceptCurrLocalSearchedInd_AllRunsAve:
[0.0, 0.0, 0.0, 0.0, 0.0, 0.0, 0.0, 0.0, 0.0, 0.0, 0.0, 0.0, 0.0022222222222222222, 0.009444444444444445, 0.019444444444444445, 0.02333333333333333, 0.04055555555555555, 0.0661111111111111, 0.10611111111111109, 0.1488888888888889, 0.22444444444444447, 0.2811111111111112, 0.35111111111111115, 0.3965972222222222, 0.4909027777777778, 0.5395138888888888, 0.582361111111111, 0.6318750000000001, 0.6645673076923077, 0.7169391025641026, 0.7209633190883191, 0.7649698841818408, 0.7879922382368034, 0.8191889139443488, 0.8450744493979617, 0.8767520021603428, 0.8921822232896184, 0.9072697129482552, 0.9228574820598203, 0.9291381848789627, 0.9388032950929337, 0.9456625342588816, 0.9523752370489321, 0.9590757019746937, 0.9624789482966908, 0.9653345244440273, 0.9671487433550914, 0.9695457165857092, 0.9706156637892891, 0.9719087278631371, 0.9730882831487402]

listiAveDiversityMetric2EveGen:
[24.931284858544263, 296.1948560332812, 153.8144259312458, 95.24830984072267, 67.48448359879556, 64.60692861778756, 32.666161628735885, 24.09604699586113, 16.06795795163161, 14.683658399565898, 10.375701118239757, 4.687456882334789, 3.8222631321352956, 3.0032147531041535, 2.824209912009108, 2.379840499217976, 2.251704491046634, 2.135453552086991, 2.4007539234149404, 2.5420653707427623, 2.356354559673146, 2.492347047995999, 2.605500015959654, 2.7261611517273963, 2.8995911635316505, 3.0643341704845484, 2.795318810357491, 2.7481330890811813, 2.579174162893781, 2.4147086989732762, 2.446778815638316, 2.527895095697393, 2.5639965870970065, 2.7272898714760414, 2.798191326082048, 2.8878272236493387, 2.9694481928287706, 3.0401869968869866, 3.0891627594675244, 3.1326933328832185, 3.143835543807599, 3.164049626635053, 3.180778039795354, 3.213163672209406, 3.2404879184649995, 3.258673727248874, 3.2960879386958544, 3.322380152258455, 3.338701309112735, 3.361311125641775, 3.3766819998051867]

listiAveFitEvaNumByThisGen:
[60, 1120, 2180, 3240, 4300, 5360, 6420, 7480, 8540, 9600, 10660, 11720, 12780, 13840, 14900, 15960, 17020, 18080, 19140, 20200, 21260, 22320, 23380, 24440, 25503, 26566, 27630, 28700, 29780, 30870, 31973, 33103, 34273, 35486, 36753, 38083, 39486, 40976, 42563, 44246, 46030, 47913, 49896, 51980, 54163, 56446, 58830, 61346, 63996, 66780, 69796]
------------------------new instance-----------------------------
listiEveGenLocalSearchedIndNum_AllRunsEve:
[0.0, 10.0, 20.0, 30.0, 40.0, 50.0, 60.0, 70.0, 80.0, 90.0, 100.0, 110.0, 120.0, 130.0, 140.0, 150.0, 160.0, 170.0, 180.0, 190.0, 200.0, 210.0, 220.0, 230.0, 240.0, 250.0, 260.0, 270.0, 280.0, 290.0, 300.0, 310.0, 320.0, 330.0, 340.0, 350.0, 360.0, 370.0, 380.0, 390.0, 400.0, 410.0, 420.0, 430.0, 440.0, 450.3333333333333, 461.0, 472.6666666666667, 484.3333333333333, 497.3333333333333, 512.6666666666666]

listfEveGenBestIndFitness_AllRunsAve:
[0.024878826813856347, 0.0263951105697995, 0.030067113432534227, 0.033693737762920194, 0.037042496373483155, 0.03982865751464368, 0.043270112934519565, 0.046132454288833176, 0.04947722920103059, 0.05252273733031605, 0.055964333093782195, 0.05921118007502502, 0.06218994080848635, 0.06524915680884683, 0.06847678477016376, 0.07159555670106853, 0.07448458549764841, 0.07733299035720874, 0.07991714726109089, 0.0821368613896494, 0.0838834531511367, 0.0851505253360578, 0.08633641165548026, 0.08737309422654722, 0.08786273935594054, 0.08841424869082812, 0.088806108386221, 0.08897854998094411, 0.08913163556781917, 0.08933133427096433, 0.08949004223358205, 0.0895451040200119, 0.08956782850189701, 0.08968724258082633, 0.08975119365356606, 0.08978250735488323, 0.08979612638279888, 0.0898302788471377, 0.08985672717130089, 0.08985672717130089, 0.08996829170783482, 0.08996829170783482, 0.09003243650439824, 0.09003316913901903, 0.09003316913901903, 0.09003316913901903, 0.09004560966851541, 0.09004634230313618, 0.09004780757237776, 0.09004780757237776, 0.09004780757237776]

listEveGenDiversityMetric1_AllRunsAve:
[1.0, 1.0, 0.9805555555555555, 0.9788888888888887, 0.8183333333333334, 0.7177777777777777, 0.7694444444444445, 0.6738888888888889, 0.6994444444444443, 0.695, 0.707222222222222, 0.7016666666666667, 0.6627777777777778, 0.6844444444444444, 0.7166666666666667, 0.7022222222222222, 0.7055555555555555, 0.7027777777777776, 0.7105555555555553, 0.6994444444444444, 0.696111111111111, 0.6677777777777778, 0.672777777777778, 0.6540277777777777, 0.6856944444444444, 0.6524358974358975, 0.627184829059829, 0.6322471509971509, 0.6117094017094015, 0.6235873436145175, 0.6302523070729593, 0.6158971483428004, 0.6340187213942935, 0.6212606180357033, 0.6346014426354248, 0.6432664667583085, 0.6503189509708168, 0.6543207426331735, 0.6547742880999344, 0.6569846209759641, 0.6600398445980437, 0.6625725194171486, 0.6636335935339658, 0.6663314237742782, 0.6663195144044944, 0.6656438477651737, 0.6624473021829999, 0.6594431831793203, 0.6560853250098738, 0.6532409693854423, 0.6458423554047655]

listfEveGenProportion_belongToLocalSearchedIndNeighbor_exceptCurrLocalSearchedInd_AllRunsAve:
[0.0, 0.0, 0.0, 0.0, 0.0, 0.0, 0.0, 0.0, 0.0, 0.0, 0.0, 0.0005555555555555556, 0.0, 0.0, 0.0005555555555555556, 0.009444444444444445, 0.020555555555555553, 0.055, 0.11222222222222222, 0.18555555555555553, 0.24611111111111114, 0.3361111111111111, 0.42888888888888876, 0.4844444444444444, 0.5053472222222222, 0.6320566239316239, 0.6585630341880343, 0.6919640313390312, 0.7332852564102563, 0.7500897281060326, 0.7501305387446693, 0.8196151111368501, 0.805310717653395, 0.8522539348360886, 0.8505864842482437, 0.8537351209559175, 0.8703007594121703, 0.8861745748737605, 0.9057417955815658, 0.9198646979080111, 0.9243930519863809, 0.9272568879686663, 0.9249680925529264, 0.9304831891801792, 0.932432233249873, 0.9449216066567062, 0.9486010967766941, 0.9501408308595265, 0.947999277235174, 0.9534979936611936, 0.9503950361101765]

listiAveDiversityMetric2EveGen:
[24.931284858544263, 296.3095671103451, 117.0950864162065, 88.53290073095215, 67.99405434794174, 57.64027588921873, 47.469908136231616, 33.51713765733559, 17.749158883675403, 12.733700724568296, 9.278212029323205, 7.875403992041454, 4.243765148371583, 4.19073981508081, 4.8806431208571395, 5.127605519912327, 2.951299818059944, 2.2570131613946605, 2.218725845063679, 2.447497877366018, 2.445714918020578, 2.5423281943247473, 2.7197694361986238, 2.961369550960351, 3.160615084347297, 3.1892026222409404, 3.2185356444218836, 3.329686732275555, 3.575501077004149, 3.7836436015807893, 3.954344527394805, 3.9925404970634113, 4.0688221448019295, 4.080038112408195, 4.141706469234548, 4.209623540983147, 4.268652801673819, 4.312922970473228, 4.318877011758974, 4.342597152378391, 4.375388875533363, 4.4346411024823125, 4.541521329347704, 4.596494478974917, 4.654398846452944, 4.682300222919398, 4.694307628529962, 4.704247560557353, 4.723095860325173, 4.76222735808549, 4.783741879688557]

listiAveFitEvaNumByThisGen:
[60, 1120, 2180, 3240, 4300, 5360, 6420, 7480, 8540, 9600, 10660, 11720, 12780, 13840, 14900, 15960, 17020, 18080, 19140, 20200, 21260, 22320, 23380, 24440, 25506, 26583, 27670, 28773, 29903, 31060, 32256, 33500, 34780, 36126, 37526, 39006, 40573, 42223, 43963, 45796, 47726, 49756, 51886, 54116, 56443, 58903, 61496, 64290, 67183, 70310, 73770]
------------------------new instance-----------------------------
listiEveGenLocalSearchedIndNum_AllRunsEve:
[0.0, 10.0, 20.0, 30.0, 40.0, 50.0, 60.0, 70.0, 80.0, 90.0, 100.0, 110.0, 120.0, 130.0, 140.0, 150.0, 160.0, 170.0, 180.0, 190.0, 200.0, 210.0, 220.0, 230.0, 240.0, 250.0, 260.0, 270.0, 280.0, 290.0, 300.0, 310.0, 320.0, 330.0, 340.0, 350.0, 360.0, 370.0, 380.0, 390.0, 400.0, 410.0, 420.0, 430.0, 440.0, 450.0, 461.0, 472.3333333333333, 484.6666666666667, 497.6666666666667, 512.3333333333334]

listfEveGenBestIndFitness_AllRunsAve:
[0.025018873112127346, 0.026605743398053723, 0.030216296884758666, 0.03338332581012542, 0.03686718430090999, 0.040482741449004704, 0.04364958310452421, 0.04726296385307826, 0.050579067573639544, 0.05403324116440388, 0.057006475095285565, 0.05998601183768838, 0.06329923755404726, 0.06630309711635282, 0.06912137382581658, 0.07182876251838569, 0.0743886515161038, 0.07666600781815955, 0.0786347386287997, 0.08044767622153634, 0.08180933341582218, 0.08304007949548138, 0.08388860501543387, 0.08471825669060278, 0.08531304864937095, 0.0858968775062776, 0.08629824045225949, 0.08661903876615383, 0.08687490007248938, 0.08703786793210012, 0.08712343976344337, 0.08714780358587089, 0.08714923930610391, 0.08715354646680294, 0.08716357479766718, 0.08718859082979463, 0.08719002655002764, 0.08719289799049364, 0.08719289799049364, 0.08719289799049364, 0.08719289799049364, 0.08719289799049364, 0.08719289799049364, 0.08719433371072664, 0.08719433371072664, 0.08719433371072664, 0.08719433371072664, 0.08719433371072664, 0.08719433371072664, 0.08719433371072664, 0.08719433371072664]

listEveGenDiversityMetric1_AllRunsAve:
[1.0, 1.0, 0.9933333333333333, 0.8999999999999999, 0.8638888888888888, 0.7972222222222223, 0.7077777777777777, 0.735, 0.6927777777777779, 0.7183333333333334, 0.6883333333333332, 0.6899999999999998, 0.693888888888889, 0.7077777777777778, 0.7149999999999999, 0.7327777777777776, 0.7133333333333333, 0.7172222222222223, 0.7333333333333332, 0.7350000000000001, 0.7172222222222223, 0.6927777777777778, 0.6449999999999999, 0.6111111111111112, 0.6179861111111111, 0.5791666666666665, 0.5630555555555555, 0.5922435897435896, 0.5850908119658119, 0.5769177350427349, 0.5739340239068499, 0.5788209485763832, 0.6083941350517438, 0.6096337749355484, 0.6042325227772382, 0.6191004523157547, 0.6206323547230373, 0.6225934714474831, 0.6256336003382935, 0.6286268237146021, 0.6312194323213413, 0.6304708031231131, 0.6285903496580458, 0.6248450019622088, 0.623055026727777, 0.6205222323083736, 0.6169506470227606, 0.6131058205871006, 0.6081261293368819, 0.6047560683898727, 0.598512869317697]

listfEveGenProportion_belongToLocalSearchedIndNeighbor_exceptCurrLocalSearchedInd_AllRunsAve:
[0.0, 0.0, 0.0, 0.0, 0.0, 0.0, 0.0, 0.0, 0.0, 0.0, 0.0011111111111111111, 0.0, 0.0, 0.0033333333333333335, 0.006666666666666667, 0.023888888888888894, 0.045000000000000005, 0.08888888888888888, 0.13277777777777777, 0.1861111111111111, 0.24833333333333324, 0.31166666666666665, 0.3983333333333335, 0.4850000000000001, 0.47534722222222214, 0.6011805555555557, 0.6390277777777779, 0.6564636752136751, 0.690801282051282, 0.7307888176638178, 0.7682741855567942, 0.7844098604696429, 0.7830838565621173, 0.8222189826551954, 0.8638725049546055, 0.8637540671920494, 0.8862849522102196, 0.8939105482084719, 0.9092411715804156, 0.9251909948902183, 0.9351872501909992, 0.9383800569405024, 0.9487680416438186, 0.9551468327257581, 0.9621511458554831, 0.964569336265105, 0.9663424453596546, 0.970027332879358, 0.9717404406330094, 0.9687714799902116, 0.9723152156635557]

listiAveDiversityMetric2EveGen:
[24.931284858544263, 252.49683878621514, 184.82461203145115, 97.46508285188375, 92.09792084011616, 46.602039909774746, 43.614698969006355, 31.102115824528923, 22.97205505016652, 13.485493195867512, 10.210253566982667, 8.959657973975125, 5.934266749656868, 5.6363256726994155, 4.269130592528755, 4.001913190122037, 3.8526463553470163, 3.694821762584186, 3.133474735867726, 3.1604010341855795, 2.983947577856511, 3.018911445199869, 2.8471690552948816, 2.904110632321492, 3.308148488741382, 3.2755646421210893, 3.4771089600009977, 3.8199018917291974, 3.983945359617556, 4.025400994915701, 3.914243888850159, 4.052057320618734, 4.154590456541779, 4.175423618965529, 4.189702293686373, 4.171468499791721, 4.161690390068584, 4.179191330983314, 4.20956711705797, 4.241144409005231, 4.251730806181352, 4.257369071486948, 4.254033540354381, 4.248559957012968, 4.2585739473235575, 4.265084958899398, 4.258148205034229, 4.285621655006297, 4.297743844641354, 4.341194521413308, 4.356779988129923]

listiAveFitEvaNumByThisGen:
[60, 1120, 2180, 3240, 4300, 5360, 6420, 7480, 8540, 9600, 10660, 11720, 12780, 13840, 14900, 15960, 17020, 18080, 19140, 20200, 21260, 22320, 23380, 24440, 25500, 26570, 27643, 28723, 29833, 30963, 32126, 33323, 34570, 35876, 37243, 38673, 40190, 41790, 43483, 45273, 47163, 49153, 51243, 53433, 55723, 58113, 60703, 63426, 66350, 69440, 72796]
------------------------new instance-----------------------------
listiEveGenLocalSearchedIndNum_AllRunsEve:
[0.0, 10.0, 20.0, 30.0, 40.0, 50.0, 60.0, 70.0, 80.0, 90.0, 100.0, 110.0, 120.0, 130.0, 140.0, 150.0, 160.0, 170.0, 180.0, 190.0, 200.0, 210.0, 220.0, 230.0, 240.0, 250.0, 260.0, 270.0, 280.0, 290.0, 300.0, 310.0, 320.0, 330.0, 340.0, 350.0, 360.0, 370.0, 380.0, 390.0, 400.0, 410.0, 420.0, 430.0, 440.0, 450.0, 460.3333333333333, 471.0, 483.3333333333333, 497.0, 511.0]

listfEveGenBestIndFitness_AllRunsAve:
[0.02356648020027028, 0.025035926106764972, 0.027987286815375368, 0.031171190723454593, 0.03402693378623099, 0.036860416722534935, 0.03977983226229724, 0.04255750449794344, 0.04571252234330395, 0.04846944548680649, 0.05115919730222623, 0.05413737379420248, 0.056965545909308836, 0.05974825511126626, 0.06251457974207594, 0.06509680478248542, 0.06750710344108331, 0.06974294607617099, 0.07167662955388009, 0.07333683865349974, 0.07469528830331844, 0.07556075236740889, 0.07637237939166788, 0.07700449824560233, 0.07753790480626407, 0.07796964044803456, 0.0783533509996899, 0.07854821291443768, 0.0788047632608648, 0.07895457644176979, 0.07909536366304856, 0.07917339162873803, 0.0793238293357908, 0.0794027334816725, 0.07952310266891018, 0.07956647097858542, 0.07963282760241992, 0.07967033475235438, 0.07971800079334627, 0.07980023099428407, 0.07981360281692006, 0.07987046635418588, 0.07987522059808412, 0.0799004462530944, 0.07991706538952403, 0.07993043721216002, 0.07995135960787997, 0.07995135960787997, 0.07995135960787997, 0.07995135960787997, 0.07995135960787997]

listEveGenDiversityMetric1_AllRunsAve:
[1.0, 1.0, 0.9972222222222221, 0.9811111111111112, 0.826111111111111, 0.7677777777777777, 0.7483333333333334, 0.7050000000000002, 0.7105555555555557, 0.6777777777777778, 0.675, 0.6977777777777777, 0.7205555555555556, 0.7188888888888888, 0.7016666666666668, 0.6966666666666667, 0.7138888888888888, 0.7227777777777779, 0.726111111111111, 0.7233333333333333, 0.7227777777777777, 0.7033333333333334, 0.6672222222222223, 0.6479166666666668, 0.6130555555555557, 0.6097222222222223, 0.5769444444444445, 0.5978151709401709, 0.5903418803418802, 0.5999946581196581, 0.5858105722779636, 0.5922217024119198, 0.570319932684063, 0.6012764707430039, 0.6132991495441272, 0.6110161637928256, 0.6167330817983756, 0.6342268412827976, 0.6372802633617701, 0.6481863255557148, 0.6541420738286893, 0.657531466604063, 0.6580491516627095, 0.6605877320086025, 0.661618387316732, 0.6613731357507485, 0.6593515728674305, 0.6566405651247622, 0.651972605990087, 0.6451895729652983, 0.639626962661272]

listfEveGenProportion_belongToLocalSearchedIndNeighbor_exceptCurrLocalSearchedInd_AllRunsAve:
[0.0, 0.0, 0.0, 0.0, 0.0, 0.0, 0.0, 0.0, 0.0, 0.0, 0.0, 0.0, 0.0, 0.0038888888888888888, 0.014999999999999998, 0.026111111111111106, 0.05111111111111111, 0.07999999999999999, 0.13166666666666665, 0.21277777777777776, 0.2594444444444445, 0.34722222222222215, 0.4477777777777778, 0.5177777777777779, 0.5742361111111111, 0.61125, 0.6493750000000001, 0.6493589743589744, 0.7068108974358975, 0.7153774928774929, 0.7648421435649697, 0.7703998226009096, 0.8344417639526333, 0.8082507370479338, 0.8098727037439052, 0.8553127624335085, 0.8675065348498038, 0.8633533535802705, 0.8964404825106279, 0.9004890272450162, 0.9024676554382334, 0.915064202473319, 0.923433209165092, 0.9277472052486325, 0.9342906138899882, 0.9367811111085474, 0.9410943203867793, 0.9473001001485868, 0.9475469058160356, 0.9509138156024403, 0.9539379238205183]

listiAveDiversityMetric2EveGen:
[24.931284858544263, 284.71516890633814, 151.8260100439422, 127.38095917520509, 72.03386698160384, 45.599886228946566, 25.38845565876132, 25.94941288688862, 20.309989328311357, 12.646742953812764, 7.034499281815572, 5.083723280879271, 4.355231393703385, 4.314486546011682, 3.0936924361879843, 3.1345583963739667, 2.538669996914467, 2.6932088799514835, 2.537680657963335, 2.669352878589592, 2.744167565727176, 2.8581539787417403, 2.932253396746358, 3.0442257517710427, 3.2494046143548583, 3.2328178845084676, 2.956124800554276, 3.3381183908425363, 3.487716959046375, 3.6229006468567375, 3.54014866953989, 3.5228914120797095, 3.656676121874791, 3.845430322687176, 3.9847058885584845, 3.9555130500674323, 4.014737199552823, 4.189268476081552, 4.278861629588713, 4.376751689573954, 4.452897339189475, 4.551984081061336, 4.628615172355443, 4.706575758523943, 4.760576959772879, 4.788102090791731, 4.818775477679475, 4.842737529616252, 4.8551985600542675, 4.8526965212088085, 4.870449011351015]

listiAveFitEvaNumByThisGen:
[60, 1120, 2180, 3240, 4300, 5360, 6420, 7480, 8540, 9600, 10660, 11720, 12780, 13840, 14900, 15960, 17020, 18080, 19140, 20200, 21260, 22320, 23380, 24440, 25506, 26583, 27670, 28763, 29876, 31013, 32180, 33380, 34626, 35916, 37276, 38703, 40196, 41766, 43426, 45176, 47026, 48976, 51026, 53176, 55426, 57776, 60260, 62876, 65760, 68876, 72126]
------------------------new instance-----------------------------
listiEveGenLocalSearchedIndNum_AllRunsEve:
[0.0, 10.0, 20.0, 30.0, 40.0, 50.0, 60.0, 70.0, 80.0, 90.0, 100.0, 110.0, 120.0, 130.0, 140.0, 150.0, 160.0, 170.0, 180.0, 190.0, 200.0, 210.0, 220.0, 230.0, 240.0, 250.0, 260.0, 270.0, 280.0, 290.0, 300.0, 310.0, 320.0, 330.0, 340.0, 350.0, 360.0, 370.0, 380.0, 390.0, 400.0, 410.0, 420.0, 430.0, 440.0, 450.0, 460.0, 470.6666666666667, 482.0, 494.3333333333333, 508.3333333333333]

listfEveGenBestIndFitness_AllRunsAve:
[0.02503364534592844, 0.02655965824010755, 0.030003825864319166, 0.03336897894018364, 0.03682348435802626, 0.03990491548862245, 0.04347229913876906, 0.046918637362497635, 0.05001530780903876, 0.0533087036578685, 0.05635333706452409, 0.05953361074100537, 0.06253862672314367, 0.06604382650114828, 0.06885332702785021, 0.07155235448307215, 0.0742200214247537, 0.0764050507731693, 0.07854778528509918, 0.08048846670290635, 0.08210785786221822, 0.08330258609860909, 0.08474360132578271, 0.08560530347165649, 0.08640096613969472, 0.08692327295787271, 0.0874516450241015, 0.08781427881759732, 0.08800292026466384, 0.08810939774019966, 0.08820610961723575, 0.0883853532748104, 0.08843202850434481, 0.08850215075086804, 0.08861902433716501, 0.08870143962875238, 0.08872438031058344, 0.08874407325149317, 0.08874407325149317, 0.08878040063626808, 0.08881810174825834, 0.08883779468916807, 0.08883779468916807, 0.08883779468916807, 0.08883947945899727, 0.08883947945899727, 0.08883947945899727, 0.088924025121529, 0.088924025121529, 0.088924025121529, 0.088924025121529]

listEveGenDiversityMetric1_AllRunsAve:
[1.0, 1.0, 0.9911111111111112, 0.9600000000000001, 0.8677777777777779, 0.7866666666666667, 0.7738888888888891, 0.7288888888888888, 0.6977777777777778, 0.693888888888889, 0.696111111111111, 0.6933333333333334, 0.7033333333333334, 0.6872222222222221, 0.6816666666666666, 0.6977777777777777, 0.7155555555555556, 0.7138888888888888, 0.7094444444444445, 0.7033333333333333, 0.6888888888888889, 0.6744444444444446, 0.6722222222222223, 0.7, 0.6249999999999999, 0.6083333333333333, 0.5931250000000001, 0.6409241452991453, 0.6082158119658118, 0.6070779914529915, 0.5722335253313513, 0.5913942086496434, 0.6354178641406902, 0.6124583777630117, 0.615206639155571, 0.6340860870977849, 0.6368798613361835, 0.6492610119850284, 0.650818553153225, 0.6528425129098857, 0.656992640739194, 0.6587985373472666, 0.6575671733837005, 0.657405646675498, 0.654589421071393, 0.6538085823788848, 0.652888786858013, 0.650568765841239, 0.6472250642328443, 0.6431574843127988, 0.6372987819334851]

listfEveGenProportion_belongToLocalSearchedIndNeighbor_exceptCurrLocalSearchedInd_AllRunsAve:
[0.0, 0.0, 0.0, 0.0, 0.0, 0.0, 0.0, 0.0, 0.0, 0.0, 0.0005555555555555556, 0.0016666666666666668, 0.0011111111111111111, 0.005000000000000001, 0.014444444444444446, 0.021666666666666664, 0.04388888888888889, 0.0911111111111111, 0.15944444444444442, 0.20222222222222225, 0.25166666666666665, 0.35388888888888886, 0.4094444444444444, 0.4327777777777779, 0.5494444444444445, 0.5957638888888889, 0.6615277777777777, 0.6198076923076922, 0.7226442307692308, 0.7117930911680911, 0.7918516970147405, 0.7927831528375007, 0.7617591345852214, 0.8483620300582544, 0.8641588374489432, 0.8525974535398928, 0.8719394376991101, 0.8776042067116339, 0.9045921826774806, 0.9081951197472884, 0.9165353613079371, 0.9221148329954418, 0.9320500032455514, 0.9383740506271047, 0.9479748096438742, 0.9531017796205978, 0.9534380027966827, 0.9589651125912517, 0.9601139950885066, 0.9606329268752736, 0.9631768032699086]

listiAveDiversityMetric2EveGen:
[24.931284858544263, 273.8824421675337, 154.9980762126677, 125.86605868896761, 87.26850913424194, 60.86352682817836, 44.9538074946535, 31.652527349527062, 14.417750986838605, 12.25666861374446, 9.086896400566037, 6.7344787470607645, 5.547211837807356, 4.982046634108972, 3.343958281464458, 3.237552012512369, 3.283938321257195, 3.369607445710577, 3.2073453030738293, 3.0798217093853406, 2.8281962079862106, 2.6412624192707503, 2.9040637960569016, 2.9556370561886225, 2.7449215529807316, 2.848053254457163, 2.945556164626778, 3.14071370534099, 3.1368822910430167, 3.095271898965937, 3.1374980973339457, 3.1865230579362325, 3.239454741848354, 3.2118266098869426, 3.29874159477771, 3.3973860412871364, 3.407092384887886, 3.4317828343589607, 3.442521106266299, 3.460561343526793, 3.5031659863398343, 3.4986349472258746, 3.5113741793859106, 3.5220476429467515, 3.537646479078809, 3.5325693247487426, 3.5329009748893823, 3.553864429101537, 3.58011628476986, 3.6236159162177426, 3.6317939060007722]

listiAveFitEvaNumByThisGen:
[60, 1120, 2180, 3240, 4300, 5360, 6420, 7480, 8540, 9600, 10660, 11720, 12780, 13840, 14900, 15960, 17020, 18080, 19140, 20200, 21260, 22320, 23380, 24440, 25500, 26560, 27630, 28713, 29823, 30946, 32106, 33290, 34526, 35833, 37186, 38613, 40123, 41706, 43380, 45143, 47000, 48956, 51010, 53163, 55416, 57766, 60216, 62833, 65616, 68600, 71850]
------------------------new instance-----------------------------
listiEveGenLocalSearchedIndNum_AllRunsEve:
[0.0, 10.0, 20.0, 30.0, 40.0, 50.0, 60.0, 70.0, 80.0, 90.0, 100.0, 110.0, 120.0, 130.0, 140.0, 150.0, 160.0, 170.0, 180.0, 190.0, 200.0, 210.0, 220.0, 230.0, 240.0, 250.0, 260.0, 270.0, 280.0, 290.0, 300.0, 310.0, 320.0, 330.0, 340.0, 350.0, 360.0, 370.0, 380.0, 390.0, 400.0, 410.0, 420.0, 430.0, 440.0, 450.0, 460.3333333333333, 471.0, 482.0, 494.0, 508.0]

listfEveGenBestIndFitness_AllRunsAve:
[0.025042088935890786, 0.02657129917169063, 0.03034057883232261, 0.03382267898089604, 0.03702366041150434, 0.04060893757271782, 0.044015354682263766, 0.04692101581299247, 0.05014690782901399, 0.05355460296973107, 0.057012250982068594, 0.06109096070646669, 0.06444927194487925, 0.06772548537175524, 0.07102586443443817, 0.0742559982140409, 0.07721606020356724, 0.07967915790241366, 0.08179351916173397, 0.08355771311607627, 0.08487942634562008, 0.08601485915969621, 0.0868976205837078, 0.08757516073705188, 0.08824056313433654, 0.08874567973328729, 0.08895719503995597, 0.08923339304513342, 0.08932787071699515, 0.08946250991922709, 0.08960317992017927, 0.08965942293303912, 0.08975690496655392, 0.0898412593718526, 0.08989175165851677, 0.08997073989814158, 0.09011483884837324, 0.09012729923447428, 0.09021417941423117, 0.09023928569629389, 0.09031317223250382, 0.09031317223250382, 0.09031317223250382, 0.09037670246536642, 0.09044325633745737, 0.09044337096017332, 0.09044384167189672, 0.0904463945994017, 0.0904463945994017, 0.0904463945994017, 0.0904463945994017]

listEveGenDiversityMetric1_AllRunsAve:
[1.0, 1.0, 0.9911111111111112, 0.9266666666666666, 0.8288888888888888, 0.797222222222222, 0.7494444444444445, 0.6883333333333332, 0.7272222222222221, 0.7077777777777778, 0.703888888888889, 0.685, 0.6705555555555557, 0.6755555555555556, 0.687777777777778, 0.7044444444444443, 0.7044444444444444, 0.7016666666666667, 0.7011111111111109, 0.6783333333333332, 0.6727777777777777, 0.666111111111111, 0.6488888888888888, 0.6327777777777778, 0.6259027777777777, 0.629236111111111, 0.6185416666666665, 0.5954380341880341, 0.5917254273504274, 0.6003988603988604, 0.5905546265328874, 0.6184318207959514, 0.5975020953281824, 0.6294938710856902, 0.6291613099816828, 0.6400153363163414, 0.655668180418235, 0.655802283924104, 0.6614951186971676, 0.6642508384358863, 0.6673186165517856, 0.6677434425804964, 0.668513348514327, 0.6691649342134657, 0.6687829843360115, 0.6672989534343545, 0.6649484739218096, 0.6639116757031508, 0.6625020904163399, 0.6565466104546408, 0.6485074292760756]

listfEveGenProportion_belongToLocalSearchedIndNeighbor_exceptCurrLocalSearchedInd_AllRunsAve:
[0.0, 0.0, 0.0, 0.0, 0.0, 0.0, 0.0, 0.0, 0.0, 0.0, 0.0, 0.0, 0.0005555555555555556, 0.0016666666666666668, 0.006111111111111111, 0.026111111111111116, 0.052777777777777785, 0.08222222222222222, 0.1411111111111111, 0.20666666666666667, 0.28, 0.3416666666666667, 0.41888888888888887, 0.465, 0.5651388888888889, 0.5547222222222223, 0.6056944444444444, 0.6770138888888889, 0.7362126068376071, 0.7122934472934471, 0.7883535395763659, 0.762368189379059, 0.8193564406607884, 0.8049571929892295, 0.8462375704668227, 0.8458665078446824, 0.8554270259982454, 0.8791074975847315, 0.8931396880020492, 0.9023424028551819, 0.9072875680762397, 0.9163041289321013, 0.9250556040242887, 0.9341623087102934, 0.9392661487378009, 0.9418417762850412, 0.9434621340473018, 0.9418131345231983, 0.9476393792739789, 0.9520623259078475, 0.9563797664781488]

listiAveDiversityMetric2EveGen:
[24.931284858544263, 248.29476959579515, 153.95697303882446, 76.33938049943077, 68.04072814325384, 38.40275747709789, 28.020092906465788, 17.068605902944025, 15.343309223616034, 14.163998159319906, 10.226537680743082, 9.463712247438476, 6.661139625692914, 4.6437749263195975, 3.2171684062689523, 3.1237287284411672, 3.200514932916254, 2.8211180376009444, 2.4024331556491854, 2.5922250098417865, 2.758535031440518, 2.9154978028876344, 3.159099939353314, 3.6680542734633517, 3.9777846519086375, 3.941676502485235, 3.7164642893699216, 3.4582751693569382, 3.5324730045515738, 3.7777749974266976, 3.8551213917083427, 3.9680445934461117, 4.037858859739801, 4.223940424508786, 4.325776592333054, 4.480028485789565, 4.555261487430773, 4.555898025071001, 4.580022820486315, 4.604055924006554, 4.593793528810355, 4.62069572096989, 4.645641726827567, 4.677460701133286, 4.671405203602797, 4.705264529888549, 4.712572191692291, 4.7058920815172485, 4.6588308326071655, 4.615025817058098, 4.571530816001972]

listiAveFitEvaNumByThisGen:
[60, 1120, 2180, 3240, 4300, 5360, 6420, 7480, 8540, 9600, 10660, 11720, 12780, 13840, 14900, 15960, 17020, 18080, 19140, 20200, 21260, 22320, 23380, 24440, 25500, 26563, 27643, 28736, 29853, 30993, 32173, 33390, 34666, 35983, 37370, 38813, 40333, 41936, 43620, 45390, 47246, 49193, 51230, 53366, 55603, 57940, 60410, 63013, 65750, 68686, 71923]
------------------------new instance-----------------------------
listiEveGenLocalSearchedIndNum_AllRunsEve:
[0.0, 10.0, 20.0, 30.0, 40.0, 50.0, 60.0, 70.0, 80.0, 90.0, 100.0, 110.0, 120.0, 130.0, 140.0, 150.0, 160.0, 170.0, 180.0, 190.0, 200.0, 210.0, 220.0, 230.0, 240.0, 250.0, 260.0, 270.0, 280.0, 290.0, 300.0, 310.0, 320.0, 330.0, 340.0, 350.0, 360.0, 370.0, 380.0, 390.0, 400.0, 410.0, 420.0, 430.0, 440.0, 450.0, 460.0, 470.3333333333333, 481.3333333333333, 494.3333333333333, 507.3333333333333]

listfEveGenBestIndFitness_AllRunsAve:
[0.023792596053468073, 0.025133614451931248, 0.028731209577388905, 0.03206697524336528, 0.03532608071799535, 0.03854348126576178, 0.041274191570504805, 0.044400898253454876, 0.0472653025174214, 0.050057801268072556, 0.05324712445700839, 0.05621537789117933, 0.05918661204171109, 0.062210529289548004, 0.06518688319096738, 0.06814998073761402, 0.07089081398945124, 0.07343126784998075, 0.07572823442463766, 0.07785678346976364, 0.07968171643907948, 0.08115447869967456, 0.0821799686329061, 0.08296729963823221, 0.08348389875607724, 0.08393831772150935, 0.08407572336234213, 0.08431141780630891, 0.08438501340270606, 0.08448829083117086, 0.08456594880494613, 0.08469079594434503, 0.0847805484576904, 0.08485493747396157, 0.08492376958028577, 0.08495726503402448, 0.08496846200057445, 0.08498177664782029, 0.08498417437818366, 0.08500983026851154, 0.08502263926792647, 0.08503452155063765, 0.08505756632029154, 0.08505756632029154, 0.08508510419918887, 0.08509533579991017, 0.08509533579991017, 0.08510686026949597, 0.08511838473908177, 0.08511838473908177, 0.08512990920866757]

listEveGenDiversityMetric1_AllRunsAve:
[1.0, 1.0, 0.9988888888888889, 0.9733333333333334, 0.8816666666666666, 0.7749999999999999, 0.7083333333333335, 0.6994444444444444, 0.6338888888888891, 0.6355555555555557, 0.6844444444444444, 0.6900000000000001, 0.7116666666666667, 0.7272222222222222, 0.725, 0.7211111111111109, 0.7022222222222223, 0.6938888888888887, 0.6872222222222223, 0.6849999999999999, 0.6672222222222222, 0.6483333333333333, 0.6077777777777776, 0.5910416666666667, 0.5393055555555556, 0.4868108974358975, 0.519074074074074, 0.55, 0.5413675213675213, 0.5942165242165243, 0.5756962250712251, 0.581060169701474, 0.557982140645184, 0.5410593583147931, 0.5419157925407926, 0.5522230193309764, 0.5625704295309258, 0.5724816569084531, 0.5790599477224432, 0.5804569406836662, 0.5803651823703754, 0.583452030327237, 0.5817568771278908, 0.5829543582846625, 0.5829910899097422, 0.5842868999300159, 0.5864857836772369, 0.5868579188396553, 0.5852521962644255, 0.5786596797686706, 0.5740246182831684]

listfEveGenProportion_belongToLocalSearchedIndNeighbor_exceptCurrLocalSearchedInd_AllRunsAve:
[0.0, 0.0, 0.0, 0.0, 0.0, 0.0, 0.0, 0.0, 0.0, 0.0, 0.0, 0.0, 0.0, 0.0005555555555555556, 0.008888888888888889, 0.01888888888888889, 0.02888888888888889, 0.05, 0.11055555555555556, 0.17111111111111113, 0.24444444444444438, 0.32111111111111107, 0.4294444444444444, 0.49152777777777784, 0.6075, 0.6512232905982906, 0.6698611111111112, 0.621875, 0.7021207264957267, 0.6623023504273503, 0.7266096866096864, 0.73729375696767, 0.7763481667286014, 0.8151554102097582, 0.831804659765186, 0.8539425531884688, 0.8578567531449395, 0.8806820015432619, 0.8972763585992033, 0.9056635713439873, 0.9196416090296147, 0.9209568413375756, 0.9296829497523265, 0.9401932142982744, 0.9491279988151343, 0.9500163018431373, 0.9423466446338058, 0.941645747365626, 0.9501235709443109, 0.9549904551659584, 0.9573781874038573]

listiAveDiversityMetric2EveGen:
[24.931284858544263, 294.8210784363794, 170.51982056029027, 107.69658487875982, 50.709923521338055, 39.10976374392203, 30.983105567791288, 21.11356055624714, 10.099016363965228, 7.297991030674453, 7.034495345100919, 5.099143519848491, 4.342663059784866, 3.302639652292337, 2.7301322736123077, 3.4425920286848184, 2.5316022960622218, 2.4403507080766498, 2.392952578548097, 2.53368899954249, 2.4912811452647716, 2.462694159830615, 2.506714003000415, 2.589157443052907, 2.4271635696751064, 2.4106210896084335, 3.781893336592353, 3.8090074141295176, 3.168148737422241, 4.044805451513398, 3.2546952773593505, 3.1071078070273193, 2.837755518068087, 2.7768028057875824, 2.818311376049864, 2.8662127907599864, 3.027566526048281, 3.0642276374724577, 3.132920261582026, 3.194506605496819, 3.237498210384755, 3.2693733004670076, 3.29179256550851, 3.335276113508265, 3.410887231708922, 3.474880490472925, 3.528799335937504, 3.54418116238862, 3.5642240470523148, 3.589041810140262, 3.6286510813884054]

listiAveFitEvaNumByThisGen:
[60, 1120, 2180, 3240, 4300, 5360, 6420, 7480, 8540, 9600, 10660, 11720, 12780, 13840, 14900, 15960, 17020, 18080, 19140, 20200, 21260, 22320, 23380, 24440, 25503, 26566, 27636, 28730, 29846, 30976, 32143, 33333, 34563, 35830, 37143, 38513, 39946, 41456, 43053, 44740, 46523, 48403, 50383, 52456, 54626, 56896, 59266, 61770, 64436, 67403, 70470]
------------------------new instance-----------------------------
