listfAveBestIndFitnessEveryGen:
[0.3000514341451861, 0.3492615278422007, 0.4115432844455717, 0.42698182072914853, 0.430307823628483, 0.430307823628483, 0.430307823628483, 0.430307823628483, 0.430307823628483, 0.430307823628483, 0.430307823628483, 0.430307823628483, 0.430307823628483, 0.430307823628483, 0.430307823628483, 0.430307823628483, 0.430307823628483, 0.430307823628483, 0.430307823628483, 0.430307823628483, 0.430307823628483, 0.430307823628483, 0.430307823628483, 0.430307823628483, 0.430307823628483, 0.430307823628483, 0.430307823628483, 0.430307823628483, 0.430307823628483, 0.430307823628483, 0.430307823628483, 0.430307823628483, 0.430307823628483, 0.430307823628483, 0.430307823628483, 0.430307823628483, 0.430307823628483, 0.430307823628483, 0.430307823628483, 0.430307823628483, 0.430307823628483, 0.430307823628483, 0.430307823628483, 0.430307823628483, 0.430307823628483, 0.430307823628483, 0.430307823628483, 0.430307823628483, 0.430307823628483, 0.430307823628483, 0.430307823628483, 0.430307823628483, 0.430307823628483, 0.430307823628483, 0.430307823628483, 0.430307823628483, 0.430307823628483, 0.430307823628483, 0.430307823628483, 0.430307823628483, 0.430307823628483]

listiAveDiversityMetric1EveGen:
[0.9799999999999999, 0.8633333333333336, 0.7266666666666667, 0.505, 0.2899999999999999, 0.12833333333333335, 0.05333333333333333, 0.034999999999999996, 0.03333333333333333, 0.03333333333333333, 0.03333333333333333, 0.03333333333333333, 0.03333333333333333, 0.03333333333333333, 0.03333333333333333, 0.03333333333333333, 0.03333333333333333, 0.03333333333333333, 0.03333333333333333, 0.03333333333333333, 0.03333333333333333, 0.03333333333333333, 0.03333333333333333, 0.03333333333333333, 0.03333333333333333, 0.03333333333333333, 0.03333333333333333, 0.03333333333333333, 0.03333333333333333, 0.03333333333333333, 0.03333333333333333, 0.03333333333333333, 0.03333333333333333, 0.03333333333333333, 0.03333333333333333, 0.03333333333333333, 0.03333333333333333, 0.03333333333333333, 0.03333333333333333, 0.03333333333333333, 0.03333333333333333, 0.03333333333333333, 0.03333333333333333, 0.03333333333333333, 0.03333333333333333, 0.03333333333333333, 0.03333333333333333, 0.03333333333333333, 0.03333333333333333, 0.03333333333333333, 0.03333333333333333, 0.03333333333333333, 0.03333333333333333, 0.03333333333333333, 0.03333333333333333, 0.03333333333333333, 0.03333333333333333, 0.03333333333333333, 0.03333333333333333, 0.03333333333333333, 0.03333333333333333]

listiAveDiversityMetric2EveGen:
[0.8516666666666668, 0.6299999999999999, 0.4683333333333334, 0.31333333333333324, 0.2, 0.10666666666666669, 0.05333333333333333, 0.034999999999999996, 0.03333333333333333, 0.03333333333333333, 0.03333333333333333, 0.03333333333333333, 0.03333333333333333, 0.03333333333333333, 0.03333333333333333, 0.03333333333333333, 0.03333333333333333, 0.03333333333333333, 0.03333333333333333, 0.03333333333333333, 0.03333333333333333, 0.03333333333333333, 0.03333333333333333, 0.03333333333333333, 0.03333333333333333, 0.03333333333333333, 0.03333333333333333, 0.03333333333333333, 0.03333333333333333, 0.03333333333333333, 0.03333333333333333, 0.03333333333333333, 0.03333333333333333, 0.03333333333333333, 0.03333333333333333, 0.03333333333333333, 0.03333333333333333, 0.03333333333333333, 0.03333333333333333, 0.03333333333333333, 0.03333333333333333, 0.03333333333333333, 0.03333333333333333, 0.03333333333333333, 0.03333333333333333, 0.03333333333333333, 0.03333333333333333, 0.03333333333333333, 0.03333333333333333, 0.03333333333333333, 0.03333333333333333, 0.03333333333333333, 0.03333333333333333, 0.03333333333333333, 0.03333333333333333, 0.03333333333333333, 0.03333333333333333, 0.03333333333333333, 0.03333333333333333, 0.03333333333333333, 0.03333333333333333]

listiAveFitEvaNumByThisGen:
[30, 84, 138, 190, 244, 297, 352, 407, 461, 515, 569, 623, 678, 731, 785, 838, 894, 947, 1000, 1055, 1109, 1161, 1215, 1268, 1323, 1377, 1431, 1485, 1538, 1592, 1646, 1699, 1754, 1808, 1862, 1916, 1970, 2024, 2078, 2132, 2186, 2240, 2294, 2347, 2401, 2454, 2508, 2562, 2615, 2669, 2722, 2776, 2829, 2884, 2938, 2993, 3046, 3099, 3153, 3207, 3261]
------------------------new instance-----------------------------
