1.265809769006868737e+04 1.265809769006868737e+04 1.265809769006868737e+04 1.265809769006868737e+04 1.265809769006868737e+04 1.265809769006868737e+04 1.265809769006868737e+04 1.265809769006868737e+04 1.265809769006868737e+04 1.265809769006868737e+04
1.320503396497684662e+04 1.320503396497684662e+04 1.320503396497684662e+04 1.320503396497684662e+04 1.320503396497684662e+04 1.320503396497684662e+04 1.320503396497684662e+04 1.320503396497684662e+04 1.320503396497684662e+04 1.320503396497684662e+04
1.286561555423045138e+04 1.286561555423045138e+04 1.286561555423045138e+04 1.286561555423045138e+04 1.286561555423045138e+04 1.286561555423045138e+04 1.286561555423045138e+04 1.286561555423045138e+04 1.286561555423045138e+04 1.286561555423045138e+04
1.368263868670482043e+04 1.368263868670482043e+04 1.368263868670482043e+04 1.368263868670482043e+04 1.368263868670482043e+04 1.368263868670482043e+04 1.368263868670482043e+04 1.368263868670482043e+04 1.368263868670482043e+04 1.368263868670482043e+04
1.435178007665833866e+04 1.435178007665833866e+04 1.435178007665833866e+04 1.435178007665833866e+04 1.435178007665833866e+04 1.435178007665833866e+04 1.435178007665833866e+04 1.435178007665833866e+04 1.445652976787220177e+04 1.445652976787220177e+04
1.365667413913278870e+04 1.365667413913278870e+04 1.365667413913278870e+04 1.365667413913278870e+04 1.365667413913278870e+04 1.365667413913278870e+04 1.365667413913278870e+04 1.365667413913278870e+04 1.365667413913278870e+04 1.365667413913278870e+04
1.242778175711535914e+04 1.242778175711535914e+04 1.242778175711535914e+04 1.242778175711535914e+04 1.242778175711535914e+04 1.242778175711535914e+04 1.242778175711535914e+04 1.242778175711535914e+04 1.242778175711535914e+04 1.242778175711535914e+04
1.398134444188793896e+04 1.398134444188793896e+04 1.398134444188793896e+04 1.398134444188793896e+04 1.398134444188793896e+04 1.398134444188793896e+04 1.398134444188793896e+04 1.398134444188793896e+04 1.398134444188793896e+04 1.398134444188793896e+04
1.270267142849568700e+04 1.270267142849568700e+04 1.270267142849568700e+04 1.270267142849568700e+04 1.270267142849568700e+04 1.270267142849568700e+04 1.270267142849568700e+04 1.270267142849568700e+04 1.270267142849568700e+04 1.270267142849568700e+04
1.286573963053336774e+04 1.286573963053336774e+04 1.286573963053336774e+04 1.286573963053336774e+04 1.286573963053336774e+04 1.286573963053336774e+04 1.210675865247456750e+04 1.210675865247456750e+04 1.210675865247456750e+04 1.210675865247456750e+04
