listiEveGenLocalSearchedIndNum_AllRunsEve:
[0.0, 10.0, 20.0, 30.0, 40.0, 50.0, 60.0, 70.0, 80.0, 90.0, 100.0, 110.0, 120.0, 130.0, 140.0, 150.0, 160.0, 170.0, 180.0, 190.0, 200.0, 210.0, 220.0, 230.0, 240.0, 250.0, 260.0, 270.0, 280.0, 290.0, 300.0, 310.0, 320.0, 330.0, 340.0, 350.0, 360.0, 370.0, 380.0, 390.0, 400.0, 410.0, 420.0, 430.0, 440.0, 450.0, 461.0, 472.3333333333333, 485.6666666666667, 500.0, 516.0]

listfEveGenBestIndFitness_AllRunsAve:
[0.02480286787773846, 0.026493567359194777, 0.030232207292708316, 0.03359006276340859, 0.0369841957715898, 0.04071394841965197, 0.04401408328635948, 0.04720876571530241, 0.05034333074082486, 0.05370620459398156, 0.057023978477607554, 0.060636434329698966, 0.0640615894586249, 0.06744604516166898, 0.07081783992521129, 0.07419049854051353, 0.07736732618428885, 0.08019714029489639, 0.08267474561889204, 0.08518958889881471, 0.08707105433880617, 0.0886134209110467, 0.09011073448315758, 0.09144829580852872, 0.0920089007217393, 0.09253816167686742, 0.09288863309960842, 0.09312504988405759, 0.09323505315793607, 0.0933948668102907, 0.09341645843200586, 0.09349780362673171, 0.09361378195467783, 0.09361378195467783, 0.09366401917684258, 0.09369887443628143, 0.09369887443628143, 0.09370228849953628, 0.09373530227369489, 0.09375535767768185, 0.09377848544257822, 0.09379030047218871, 0.09379030047218871, 0.09379030047218871, 0.09379030047218871, 0.09379030047218871, 0.0938316421557918, 0.0938316421557918, 0.0938434571854023, 0.09387832691293982, 0.09389654083164656]

listEveGenDiversityMetric1_AllRunsAve:
[1.0, 1.0, 0.99, 0.9425000000000002, 0.8658333333333338, 0.8083333333333332, 0.7279166666666667, 0.7229166666666669, 0.7279166666666669, 0.7445833333333334, 0.7483333333333332, 0.7466666666666666, 0.7349999999999999, 0.7520833333333332, 0.7374999999999999, 0.7533333333333334, 0.7558333333333336, 0.7379166666666668, 0.7274999999999999, 0.7225, 0.7216666666666666, 0.7008333333333333, 0.6737500000000001, 0.6394444444444446, 0.6207870370370369, 0.5831944444444443, 0.5522222222222223, 0.5555489417989418, 0.5465873015873016, 0.5747277917014758, 0.5668163464216096, 0.557888249118966, 0.6023128406434161, 0.5897916466523011, 0.6005780837965636, 0.6098916281131772, 0.60722308088526, 0.6176591588740633, 0.6209043982179598, 0.6274831705102552, 0.6292952286681383, 0.6345629701645593, 0.6364758298657767, 0.635707024520814, 0.6314169101535446, 0.6291687850592326, 0.6235590377076995, 0.6217808986289325, 0.6169848634209807, 0.6098713116041659, 0.6015772185772664]

listfEveGenProportion_belongToLocalSearchedIndNeighbor_exceptCurrLocalSearchedInd_AllRunsAve:
[0.0, 0.0, 0.0, 0.0, 0.0, 0.0, 0.0, 0.0, 0.0, 0.0, 0.0, 0.0004166666666666667, 0.004583333333333333, 0.012916666666666667, 0.03375000000000001, 0.0575, 0.09500000000000003, 0.14625000000000005, 0.21541666666666665, 0.285, 0.3266666666666666, 0.3841666666666667, 0.46333333333333326, 0.5132407407407408, 0.5513425925925926, 0.6591203703703703, 0.7164351851851853, 0.7321759259259257, 0.7718452380952381, 0.7656283068783067, 0.8173358744082431, 0.8549639304199196, 0.8152320897606877, 0.8595315475066196, 0.8719467595685967, 0.8736545014459501, 0.9041012324120864, 0.9026690655916956, 0.9242885397610618, 0.921624643444807, 0.9246940772771344, 0.9261966372125284, 0.9289416382574659, 0.9421071866733163, 0.9514037652281776, 0.9578268895974209, 0.9590207980745302, 0.957739039032669, 0.9574424386424454, 0.9624249677215847, 0.9564823641596085]

listiAveDiversityMetric2EveGen:
[24.97851294530791, 294.3913120293222, 107.6870681047375, 83.09194892645412, 77.24375044397266, 52.02416943064679, 29.285525910644683, 21.741755941889654, 17.837483960236067, 13.737779368957963, 11.882627236553974, 8.6225195948833, 5.69397122189286, 3.9625944827217854, 3.2111539149708923, 3.3356111800993418, 3.4731047475030716, 3.2695129152646483, 3.3432742816322167, 3.2433317543929925, 3.2083044450675637, 2.9117736240185867, 2.6492046613790516, 2.492978707384721, 2.513913618624295, 2.521112014691447, 2.5663107547079473, 2.7066816848988493, 2.7018335252244823, 2.7627673508842325, 2.8433176175930766, 2.9554534487010513, 3.0585733253698533, 3.1319077536820634, 3.1602516795524225, 3.310914813934343, 3.418565285286623, 3.5284342611747714, 3.5667071177952963, 3.5687778363385805, 3.5205308349065496, 3.470235445953409, 3.4334614259693006, 3.416851108982132, 3.3974956307929434, 3.4077569245733943, 3.4210537209563454, 3.4509207110515963, 3.4908113249809887, 3.508390717226986, 3.5284390304919877]

listiAveFitEvaNumByThisGen:
[80, 1160, 2240, 3320, 4400, 5480, 6560, 7640, 8720, 9800, 10880, 11960, 13040, 14120, 15200, 16280, 17360, 18440, 19520, 20600, 21680, 22760, 23840, 24920, 26003, 27090, 28183, 29286, 30420, 31583, 32796, 34053, 35360, 36743, 38190, 39716, 41330, 43030, 44826, 46716, 48706, 50793, 52980, 55266, 57653, 60140, 62826, 65646, 68766, 72086, 75673]
------------------------new instance-----------------------------
listiEveGenLocalSearchedIndNum_AllRunsEve:
[0.0, 10.0, 20.0, 30.0, 40.0, 50.0, 60.0, 70.0, 80.0, 90.0, 100.0, 110.0, 120.0, 130.0, 140.0, 150.0, 160.0, 170.0, 180.0, 190.0, 200.0, 210.0, 220.0, 230.0, 240.0, 250.0, 260.0, 270.0, 280.0, 290.0, 300.0, 310.0, 320.0, 330.0, 340.0, 350.0, 360.0, 370.0, 380.0, 390.0, 400.0, 410.0, 420.0, 430.0, 440.0, 450.3333333333333, 461.0, 472.3333333333333, 484.6666666666667, 498.6666666666667, 515.0]

listfEveGenBestIndFitness_AllRunsAve:
[0.023898288311054613, 0.02543337151737427, 0.02900058552723738, 0.03323956047936189, 0.03663738633512899, 0.040260903183157455, 0.043575223567263975, 0.04668630933283731, 0.04999822790762178, 0.053226038296214785, 0.05666424744368081, 0.06031129944170483, 0.06409677343672017, 0.06766460157167035, 0.07121120201327796, 0.07461925020750301, 0.07763254112124242, 0.08015535178140619, 0.08256465102833589, 0.0845878375572812, 0.08598183204861715, 0.08720569674308655, 0.08845032091979829, 0.0892642216284483, 0.09006257633031137, 0.09069496951931993, 0.09101417290161556, 0.09137770598576633, 0.0914990881222483, 0.09155850415671793, 0.09173066689191609, 0.09173820742783088, 0.09181916344622867, 0.09184422062435342, 0.09186480865920242, 0.09186590959476339, 0.09186590959476339, 0.09186590959476339, 0.09186590959476339, 0.09186590959476339, 0.09186590959476339, 0.09186590959476339, 0.09186590959476339, 0.09186590959476339, 0.09186590959476339, 0.09186590959476339, 0.09186590959476339, 0.09186590959476339, 0.09186590959476339, 0.09186590959476339, 0.09186590959476339]

listEveGenDiversityMetric1_AllRunsAve:
[1.0, 1.0, 0.9966666666666666, 0.955, 0.8633333333333334, 0.8112499999999999, 0.7333333333333332, 0.7279166666666667, 0.73375, 0.7433333333333334, 0.7616666666666665, 0.7720833333333332, 0.7616666666666666, 0.7537500000000001, 0.7741666666666664, 0.7508333333333334, 0.7333333333333333, 0.7241666666666665, 0.7262499999999998, 0.7333333333333333, 0.7208333333333333, 0.6641666666666667, 0.65375, 0.6320833333333333, 0.5730555555555557, 0.5713888888888888, 0.5418783068783068, 0.5213888888888888, 0.5315876496797549, 0.5743064257866891, 0.545683809619835, 0.5450505065910212, 0.5604333738823838, 0.5542618631808073, 0.5621409521768876, 0.5746057033028867, 0.5809516578726065, 0.5830717165183158, 0.5855563330186375, 0.5913643828423271, 0.5944000538391886, 0.5975790112333851, 0.5977762505008961, 0.5971993032576004, 0.5984953204425713, 0.5978067284117634, 0.5965449863568882, 0.593196318918657, 0.5887623525435336, 0.5809236070191688, 0.5689682904049376]

listfEveGenProportion_belongToLocalSearchedIndNeighbor_exceptCurrLocalSearchedInd_AllRunsAve:
[0.0, 0.0, 0.0, 0.0, 0.0, 0.0, 0.0, 0.0, 0.0, 0.0, 0.0004166666666666667, 0.0004166666666666667, 0.004166666666666667, 0.00875, 0.025000000000000005, 0.06083333333333334, 0.10458333333333332, 0.13875, 0.19041666666666668, 0.2341666666666666, 0.27624999999999994, 0.3904166666666668, 0.4487499999999999, 0.48874999999999996, 0.5862037037037038, 0.6062037037037037, 0.6202513227513228, 0.7102447089947089, 0.7056067251461987, 0.7095027499303815, 0.8091196741854637, 0.8233423540821856, 0.821634308271372, 0.861833940663542, 0.8823635118908514, 0.8925641627961195, 0.9098333644650001, 0.9241040305225913, 0.9344039042303879, 0.941671088088471, 0.9478262890752923, 0.9522594581944099, 0.9595189300440237, 0.9640718641159679, 0.9644851066120357, 0.9682262390887779, 0.9687252157694439, 0.9698161313861209, 0.9713868424041718, 0.9734028979692511, 0.9751981429331914]

listiAveDiversityMetric2EveGen:
[24.97851294530791, 314.7095511336325, 195.89363135248095, 82.14419936708859, 65.16019291780164, 55.59565815107086, 52.731124045291914, 40.43007151965496, 26.97769975097474, 16.068728131843184, 9.806103138519466, 6.840894531458633, 4.775940741334188, 3.235221085029109, 3.2272601112268333, 3.120938387945309, 2.841083042915131, 2.6086055853762753, 2.828050749746301, 3.0355591051113593, 2.8986692637397855, 2.866632958126368, 3.073422648614004, 2.9368724229557226, 2.854006819845436, 2.8811065408823184, 2.8168043542546317, 2.9589077964929946, 2.713973723522624, 2.8009620927280547, 2.715045116353422, 2.828571237744696, 2.9503172472472747, 2.858254412796097, 2.89920481118387, 2.9574369208631586, 3.018183821621411, 3.0674288351642094, 3.1055460645083284, 3.166856487982455, 3.223605308974398, 3.262209009311715, 3.2875408280621903, 3.3006752188666177, 3.340163460548253, 3.359650809442625, 3.3828800359050786, 3.4046481703001814, 3.4309972807581515, 3.436707982168012, 3.4389611702575342]

listiAveFitEvaNumByThisGen:
[80, 1160, 2240, 3320, 4400, 5480, 6560, 7640, 8720, 9800, 10880, 11960, 13040, 14120, 15200, 16280, 17360, 18440, 19520, 20600, 21680, 22760, 23840, 24920, 26000, 27083, 28176, 29283, 30403, 31550, 32740, 33963, 35243, 36583, 37993, 39486, 41066, 42736, 44500, 46360, 48320, 50380, 52540, 54800, 57160, 59653, 62280, 65073, 68066, 71326, 74920]
------------------------new instance-----------------------------
listiEveGenLocalSearchedIndNum_AllRunsEve:
[0.0, 10.0, 20.0, 30.0, 40.0, 50.0, 60.0, 70.0, 80.0, 90.0, 100.0, 110.0, 120.0, 130.0, 140.0, 150.0, 160.0, 170.0, 180.0, 190.0, 200.0, 210.0, 220.0, 230.0, 240.0, 250.0, 260.0, 270.0, 280.0, 290.0, 300.0, 310.0, 320.0, 330.0, 340.0, 350.0, 360.0, 370.0, 380.0, 390.0, 400.0, 410.0, 420.0, 430.0, 440.0, 450.6666666666667, 461.6666666666667, 474.3333333333333, 489.3333333333333, 505.3333333333333, 522.0]

listfEveGenBestIndFitness_AllRunsAve:
[0.025290937141460024, 0.026911503549581002, 0.030458462446724472, 0.034296178992939505, 0.03723664120897268, 0.0412241092038597, 0.04422842002459244, 0.04741871977770926, 0.05141385738809075, 0.05470023484491423, 0.0581437649582442, 0.06136662221532749, 0.06479432249305475, 0.06826006967238714, 0.07140163581722786, 0.07447897746950922, 0.07735304129053991, 0.07994314175618479, 0.08200659896646524, 0.08405019052612779, 0.08523758399169785, 0.08649648644724874, 0.08744039722621524, 0.08805165740854837, 0.08862130996206243, 0.08891683452346895, 0.0891632585849049, 0.08939491493457227, 0.08943503943000942, 0.08951405002304906, 0.08958642476850513, 0.08965385559995073, 0.08971726776189337, 0.08972395067531576, 0.08978470168144474, 0.08981090952923235, 0.08984532438553053, 0.08991646849884369, 0.08991646849884369, 0.0899267111244777, 0.08993711065109047, 0.08997081650600512, 0.08997081650600512, 0.0900272906537126, 0.0900364265718101, 0.09003851075788413, 0.09003924339250494, 0.09003924339250494, 0.09004425811706214, 0.09004425811706214, 0.09004425811706214]

listEveGenDiversityMetric1_AllRunsAve:
[1.0, 1.0, 0.9866666666666667, 0.9366666666666668, 0.8250000000000003, 0.8308333333333332, 0.7245833333333334, 0.7812500000000001, 0.7858333333333332, 0.7441666666666668, 0.7562500000000001, 0.7479166666666667, 0.7416666666666668, 0.7454166666666667, 0.7191666666666667, 0.7445833333333334, 0.7441666666666666, 0.7287499999999999, 0.7229166666666667, 0.7058333333333336, 0.7204166666666666, 0.6895833333333332, 0.6688888888888889, 0.6443518518518518, 0.6094907407407407, 0.5931349206349206, 0.6208068783068782, 0.5789021164021162, 0.6023823447507658, 0.5932550125313284, 0.6097031731627921, 0.6124682314446247, 0.6185266728381519, 0.6169679120892155, 0.63528569219271, 0.6407194366560963, 0.6475303956717808, 0.651443477781791, 0.6565966661965409, 0.6619315243309145, 0.6641764943082691, 0.6656912596056557, 0.667550512877641, 0.6674631184260722, 0.6676553756882945, 0.6647561960359719, 0.6612547615283156, 0.6575996596311898, 0.6510990759295855, 0.6442686446536922, 0.6366715744447384]

listfEveGenProportion_belongToLocalSearchedIndNeighbor_exceptCurrLocalSearchedInd_AllRunsAve:
[0.0, 0.0, 0.0, 0.0, 0.0, 0.0, 0.0, 0.0, 0.0, 0.0004166666666666667, 0.0008333333333333334, 0.0025000000000000005, 0.005, 0.01, 0.024583333333333332, 0.05125, 0.09791666666666667, 0.15041666666666667, 0.20625000000000002, 0.2954166666666666, 0.33125, 0.42083333333333334, 0.4906944444444444, 0.5521296296296295, 0.6316203703703703, 0.6743849206349208, 0.678611111111111, 0.7900793650793652, 0.7536800334168757, 0.7945902951824004, 0.8077175937929113, 0.8241152616017167, 0.8426115520897733, 0.8597406561985003, 0.8630028863035126, 0.8797978942648902, 0.8915361573726431, 0.9062765527258374, 0.9126441280533055, 0.9144751169624166, 0.923139905417205, 0.9333885198574589, 0.9342986510731196, 0.9419149913297029, 0.9492644240104986, 0.9464047386755418, 0.9502240344846598, 0.950822190547479, 0.9485145331990942, 0.9534911301272938, 0.9520824278940572]

listiAveDiversityMetric2EveGen:
[24.97851294530791, 301.5394167067243, 185.82177707565563, 100.0596099917214, 62.820579083880794, 55.55508128037708, 40.04480476552903, 37.439141143246275, 22.300606002643807, 17.065717847033063, 14.382399054638682, 10.24103856887251, 5.2425959181220945, 5.466658504913743, 4.004023216765476, 3.813515642525237, 3.294712385835603, 2.9270497983763275, 2.867136015862842, 2.8848293843134116, 2.7638827978956355, 2.758491060460396, 2.8688061055717307, 2.834368976403844, 2.8524500804446205, 2.9931485786124665, 3.230060794572753, 3.4769559165553594, 3.7476741353141074, 3.6805067795109294, 3.7356471265436446, 3.8305402458022697, 3.937329627136297, 4.013128994505049, 4.124341483252231, 4.166805712744415, 4.22336862441943, 4.2977456202193745, 4.3565895812796755, 4.461041407615159, 4.505633881557019, 4.558503509525873, 4.610831419248624, 4.658247968639892, 4.7145874183401055, 4.792035585900363, 4.8389384220400276, 4.858966685981376, 4.909415545775361, 4.948565330309711, 4.975524927889716]

listiAveFitEvaNumByThisGen:
[80, 1160, 2240, 3320, 4400, 5480, 6560, 7640, 8720, 9800, 10880, 11960, 13040, 14120, 15200, 16280, 17360, 18440, 19520, 20600, 21680, 22760, 23840, 24923, 26010, 27106, 28220, 29366, 30523, 31730, 32976, 34276, 35633, 37063, 38566, 40160, 41840, 43613, 45483, 47450, 49516, 51680, 53943, 56306, 58770, 61400, 64163, 67193, 70556, 74120, 77850]
------------------------new instance-----------------------------
listiEveGenLocalSearchedIndNum_AllRunsEve:
[0.0, 10.0, 20.0, 30.0, 40.0, 50.0, 60.0, 70.0, 80.0, 90.0, 100.0, 110.0, 120.0, 130.0, 140.0, 150.0, 160.0, 170.0, 180.0, 190.0, 200.0, 210.0, 220.0, 230.0, 240.0, 250.0, 260.0, 270.0, 280.0, 290.0, 300.0, 310.0, 320.0, 330.0, 340.0, 350.0, 360.0, 370.0, 380.0, 390.0, 400.0, 410.0, 420.0, 430.0, 440.0, 450.0, 460.3333333333333, 470.6666666666667, 482.0, 495.3333333333333, 510.0]

listfEveGenBestIndFitness_AllRunsAve:
[0.025478016935623102, 0.027251455202872713, 0.0310506776120251, 0.03450665825706265, 0.03805424432662116, 0.04131881394678224, 0.04460738829733893, 0.048210285380261335, 0.051658017016527426, 0.055020773521580975, 0.05804309396829413, 0.06146500106607974, 0.06452092408472877, 0.06747020671529155, 0.07034135356519355, 0.07285858661614135, 0.0751490310025131, 0.07720612379946254, 0.07908699525881964, 0.08074804479399164, 0.08211389443001894, 0.08339112681176321, 0.0842420022064526, 0.08494380164682201, 0.08560745910609185, 0.0860877383181468, 0.08641964042715909, 0.0868091213126628, 0.08697235059006878, 0.08705597041444084, 0.08714780358587092, 0.08715783191673517, 0.08717856249893038, 0.08718143393939638, 0.08718286965962939, 0.08719289799049364, 0.08719289799049364, 0.08719433371072664, 0.08719433371072664, 0.08719433371072664, 0.08719433371072664, 0.08719433371072664, 0.08719433371072664, 0.08719433371072664, 0.08719433371072664, 0.08719433371072664, 0.08719433371072664, 0.08719433371072664, 0.08719433371072664, 0.08719433371072664, 0.08719433371072664]

listEveGenDiversityMetric1_AllRunsAve:
[1.0, 1.0, 0.9933333333333334, 0.8995833333333334, 0.8587500000000001, 0.77375, 0.7745833333333334, 0.7779166666666667, 0.7454166666666667, 0.7416666666666668, 0.7270833333333334, 0.7504166666666664, 0.7558333333333334, 0.7670833333333335, 0.7604166666666666, 0.7429166666666666, 0.7295833333333335, 0.73375, 0.7183333333333334, 0.7041666666666667, 0.6837500000000001, 0.6583333333333332, 0.6454166666666665, 0.6150000000000001, 0.5804166666666666, 0.5851388888888889, 0.5669907407407406, 0.5811375661375661, 0.5775330687830688, 0.5645105820105821, 0.58713641743247, 0.5811037051440863, 0.596437611594345, 0.6014032460867764, 0.6111459097653984, 0.6226259306947685, 0.630837305692382, 0.6407071448130618, 0.6425315613020566, 0.6410489493018713, 0.6355081519532659, 0.634050420091688, 0.6317845929166968, 0.6281342279573654, 0.6265309813181875, 0.6249659789353998, 0.6224877921502638, 0.6197295865844251, 0.6167840340438964, 0.6106349759092993, 0.6048786921691957]

listfEveGenProportion_belongToLocalSearchedIndNeighbor_exceptCurrLocalSearchedInd_AllRunsAve:
[0.0, 0.0, 0.0, 0.0, 0.0, 0.0, 0.0, 0.0, 0.0, 0.0, 0.0008333333333333334, 0.0012500000000000002, 0.005, 0.015416666666666665, 0.037083333333333336, 0.06208333333333334, 0.10541666666666664, 0.15250000000000002, 0.20416666666666666, 0.2608333333333333, 0.3212499999999999, 0.3704166666666667, 0.42333333333333345, 0.47916666666666663, 0.5829166666666666, 0.6044444444444443, 0.6679166666666666, 0.6842195767195768, 0.7204960317460318, 0.7781516290726815, 0.7620864661654135, 0.8128005598286905, 0.824256095713139, 0.8486691345221291, 0.8583067273683932, 0.8793215643672891, 0.8986602240279823, 0.9143687143813642, 0.9287700943948075, 0.9334528381339248, 0.9434873500938328, 0.950842134982987, 0.9572323119020826, 0.9625267882519576, 0.9645890499965031, 0.966843548268517, 0.9704317551884252, 0.9705654991394341, 0.9706752297790723, 0.9688291089515965, 0.9712155086320874]

listiAveDiversityMetric2EveGen:
[24.97851294530791, 261.5654157486781, 121.8626973441756, 98.5732513920045, 77.17074092359664, 40.88068673890402, 37.97570600998772, 37.238351479463766, 24.24509075401912, 19.9173875547455, 13.836047738743792, 9.376534730011217, 6.848358112348448, 6.056158942210115, 5.565046493617475, 4.549262668242267, 3.714468618143459, 3.7063129139293904, 3.1437622843561406, 2.9742136109330777, 3.0198365679912405, 2.7415953539763933, 2.6215453820167705, 2.8102660431020667, 2.8409833660471078, 3.031394420496021, 3.2285322715835654, 3.4931942772569684, 3.560973948169716, 3.656646551984479, 3.9134425239937154, 4.064958156033469, 4.2036410008659315, 4.337706800337225, 4.359504145024007, 4.335191103629737, 4.390843729754854, 4.420613878800881, 4.393404774879011, 4.388150847850269, 4.390272748241247, 4.397802903813678, 4.3821829350756625, 4.3488616798210415, 4.343992688824909, 4.354328642316819, 4.362678674354469, 4.384909316074985, 4.404097808635598, 4.414928519953356, 4.425861308042209]

listiAveFitEvaNumByThisGen:
[80, 1160, 2240, 3320, 4400, 5480, 6560, 7640, 8720, 9800, 10880, 11960, 13040, 14120, 15200, 16280, 17360, 18440, 19520, 20600, 21680, 22760, 23840, 24920, 26000, 27080, 28170, 29263, 30380, 31520, 32693, 33906, 35160, 36473, 37846, 39300, 40840, 42473, 44206, 46040, 47973, 50006, 52140, 54373, 56706, 59140, 61706, 64373, 67240, 70406, 73806]
------------------------new instance-----------------------------
listiEveGenLocalSearchedIndNum_AllRunsEve:
[0.0, 10.0, 20.0, 30.0, 40.0, 50.0, 60.0, 70.0, 80.0, 90.0, 100.0, 110.0, 120.0, 130.0, 140.0, 150.0, 160.0, 170.0, 180.0, 190.0, 200.0, 210.0, 220.0, 230.0, 240.0, 250.0, 260.0, 270.0, 280.0, 290.0, 300.0, 310.0, 320.0, 330.0, 340.0, 350.0, 360.0, 370.0, 380.0, 390.0, 400.0, 410.0, 420.0, 430.0, 440.3333333333333, 451.3333333333333, 462.6666666666667, 475.0, 489.0, 504.6666666666667, 521.3333333333334]

listfEveGenBestIndFitness_AllRunsAve:
[0.024107489388288366, 0.02567213832428502, 0.028912285126910766, 0.032581948290027314, 0.03564026370008956, 0.03879925620163023, 0.041815402328327186, 0.04509686637952835, 0.048322165105921765, 0.05170358667921288, 0.05461504082536615, 0.05755200032755717, 0.06058518699619615, 0.06343027730524566, 0.06616509259395044, 0.06860880938556055, 0.07075451666494775, 0.07268854675844703, 0.0743222066945226, 0.07542870735497091, 0.0764036670164638, 0.07706729696024131, 0.07760551896321635, 0.07795395216661204, 0.07821539847231748, 0.0784568129856432, 0.07873342476604922, 0.0789566818327023, 0.07916679826643176, 0.07929860777538655, 0.07937529452497044, 0.07943259730650469, 0.07948223318209072, 0.07950601024869454, 0.07962709971725615, 0.07973022887445994, 0.07973353024065973, 0.07980174232262846, 0.07981745681413768, 0.07985175103249362, 0.07989186650040156, 0.07992829896545875, 0.07992829896545875, 0.07992829896545875, 0.07992829896545875, 0.07992829896545875, 0.07995135960787997, 0.07995135960787997, 0.07995135960787997, 0.07995135960787997, 0.07995135960787997]

listEveGenDiversityMetric1_AllRunsAve:
[1.0, 1.0, 0.9845833333333334, 0.9570833333333334, 0.8666666666666667, 0.7916666666666666, 0.7729166666666667, 0.7629166666666667, 0.7516666666666667, 0.7420833333333333, 0.7204166666666666, 0.7549999999999997, 0.7550000000000001, 0.7708333333333334, 0.7620833333333333, 0.7433333333333333, 0.7362500000000001, 0.7170833333333334, 0.7312499999999998, 0.7179166666666668, 0.6841666666666666, 0.66625, 0.6225000000000002, 0.6063425925925926, 0.5589814814814815, 0.5874206349206347, 0.5694510582010582, 0.5624032302979671, 0.5868344472291842, 0.5892518592938284, 0.5889432280272463, 0.5976309584477222, 0.6030771997180666, 0.620193688016611, 0.6188739826894543, 0.6366135099615066, 0.6368882636626572, 0.6447820196174978, 0.6556926970919518, 0.6615843599443032, 0.6630832106478554, 0.6627415700966587, 0.6625409040953054, 0.6608002737441623, 0.658560638262106, 0.6554109759065747, 0.652898558777362, 0.6476667082734981, 0.6406289688156012, 0.6307053089658663, 0.621830738597772]

listfEveGenProportion_belongToLocalSearchedIndNeighbor_exceptCurrLocalSearchedInd_AllRunsAve:
[0.0, 0.0, 0.0, 0.0, 0.0, 0.0, 0.0, 0.0, 0.0, 0.0, 0.0008333333333333334, 0.0033333333333333335, 0.007083333333333334, 0.020833333333333336, 0.04916666666666667, 0.08625000000000001, 0.1275, 0.19708333333333336, 0.2329166666666667, 0.31124999999999997, 0.39708333333333334, 0.48583333333333323, 0.5779166666666666, 0.6052777777777778, 0.7095370370370369, 0.6830687830687833, 0.7280687830687833, 0.7580336257309941, 0.7432727652464496, 0.7786353515493715, 0.8089490566341476, 0.8224572863023009, 0.8508923139874885, 0.8489401819779268, 0.8780211900981849, 0.8667293835508479, 0.8964078881862203, 0.8991695287122803, 0.9025165054437126, 0.9088699847408768, 0.9232486445952912, 0.9289167829122443, 0.9357467518769064, 0.942189312158859, 0.9481468728449876, 0.9487964962752069, 0.949919537868421, 0.9518742560948792, 0.9552037948961108, 0.9583005005176921, 0.9579449361552614]

listiAveDiversityMetric2EveGen:
[24.97851294530791, 265.86485275463326, 151.42344114191098, 99.07635435694068, 74.62453967045879, 57.80751343935268, 48.040400269721744, 29.486297261389733, 14.927174284302733, 9.807268289670457, 7.206151314559634, 4.69144480385088, 5.179419043422528, 4.692121668536026, 3.864143907226406, 3.76603411245527, 2.6441583079634676, 2.5552527406131493, 2.7190984050365867, 2.842943822437643, 2.874768676894729, 2.9166105525289745, 3.0555786465844146, 3.3793942356323066, 3.1381446126695836, 3.3953578994072617, 3.5250202841899236, 3.3927193755925, 3.4603524267279706, 3.5552532034222804, 3.6318116780014678, 3.694290998154296, 3.8736874654174334, 4.069472704454176, 4.185710770753197, 4.3951478559008965, 4.552729544082679, 4.690631864653189, 4.792126307523339, 4.80395619386573, 4.782970122132258, 4.76504025628189, 4.7632416509976325, 4.804623497749502, 4.834908681076846, 4.866996887595578, 4.89412689998484, 4.905347657509334, 4.953017727812013, 4.996950535992891, 5.025381934473423]

listiAveFitEvaNumByThisGen:
[80, 1160, 2240, 3320, 4400, 5480, 6560, 7640, 8720, 9800, 10880, 11960, 13040, 14120, 15200, 16280, 17360, 18440, 19520, 20600, 21680, 22760, 23840, 24920, 26013, 27113, 28250, 29410, 30590, 31813, 33073, 34380, 35743, 37166, 38673, 40253, 41930, 43693, 45553, 47510, 49560, 51703, 53943, 56280, 58750, 61386, 64156, 67126, 70363, 73866, 77570]
------------------------new instance-----------------------------
listiEveGenLocalSearchedIndNum_AllRunsEve:
[0.0, 10.0, 20.0, 30.0, 40.0, 50.0, 60.0, 70.0, 80.0, 90.0, 100.0, 110.0, 120.0, 130.0, 140.0, 150.0, 160.0, 170.0, 180.0, 190.0, 200.0, 210.0, 220.0, 230.0, 240.0, 250.0, 260.0, 270.0, 280.0, 290.0, 300.0, 310.0, 320.0, 330.0, 340.0, 350.0, 360.0, 370.0, 380.0, 390.0, 400.0, 410.0, 420.0, 430.0, 440.0, 450.0, 461.3333333333333, 474.0, 487.0, 500.3333333333333, 515.3333333333334]

listfEveGenBestIndFitness_AllRunsAve:
[0.02563435331784706, 0.02738773583497695, 0.03106108338704954, 0.03514911983605651, 0.03915946431823609, 0.04233001457272049, 0.04578710343362825, 0.04936397657358389, 0.05263334593565613, 0.05559336747495111, 0.05869693009547801, 0.06182506920356789, 0.06500395585015353, 0.06801522682804485, 0.07100440920666244, 0.07381879037877974, 0.07605461399225556, 0.07843063424085364, 0.08030274102527413, 0.0818456949562806, 0.08323441277910106, 0.08449187549488625, 0.08543865866055807, 0.08646091865850095, 0.08696543476990976, 0.08758419777570951, 0.08790020605293805, 0.0880783534444188, 0.08823399112548949, 0.08831508219574126, 0.08840434492083185, 0.08850409504790696, 0.08858169409555439, 0.08860138703646411, 0.08872057690035068, 0.08883594884888085, 0.08883931838853926, 0.08888295446988034, 0.08888463923970955, 0.08888463923970955, 0.08890433218061927, 0.08890433218061927, 0.08890433218061927, 0.08890433218061927, 0.08890433218061927, 0.08890433218061927, 0.08890433218061927, 0.08891503165513366, 0.08891503165513366, 0.088924025121529, 0.088924025121529]

listEveGenDiversityMetric1_AllRunsAve:
[1.0, 1.0, 0.9866666666666667, 0.9299999999999999, 0.89125, 0.77125, 0.7412500000000002, 0.75375, 0.74625, 0.7270833333333333, 0.7587500000000001, 0.77125, 0.7629166666666668, 0.7529166666666666, 0.7599999999999999, 0.7500000000000002, 0.7470833333333334, 0.7212500000000001, 0.7504166666666667, 0.7441666666666666, 0.7308333333333333, 0.7266666666666668, 0.6895833333333332, 0.6683333333333334, 0.6662499999999999, 0.6388425925925927, 0.6208134920634919, 0.6112367724867723, 0.5910272208298525, 0.5929525201893624, 0.6146038707880813, 0.603948748787678, 0.6126009037412101, 0.5994409498058613, 0.61078944974696, 0.6350129175820527, 0.6349242402359665, 0.6354353538418263, 0.6451450174098606, 0.6467034346490552, 0.6523428924980936, 0.6548403796434343, 0.6546816367122035, 0.655500308704846, 0.656379580468073, 0.6573820457909785, 0.6562033195071197, 0.6523570740456042, 0.6485341997597476, 0.6448033478433474, 0.6390630086859931]

listfEveGenProportion_belongToLocalSearchedIndNeighbor_exceptCurrLocalSearchedInd_AllRunsAve:
[0.0, 0.0, 0.0, 0.0, 0.0, 0.0, 0.0004166666666666667, 0.0, 0.0, 0.0, 0.0, 0.0, 0.010416666666666666, 0.016666666666666666, 0.052916666666666674, 0.09166666666666666, 0.12833333333333333, 0.20208333333333336, 0.22166666666666668, 0.28708333333333336, 0.3345833333333333, 0.3870833333333334, 0.4641666666666666, 0.5537500000000001, 0.5568981481481482, 0.615138888888889, 0.6677645502645502, 0.6867195767195767, 0.7613422445001393, 0.7774624060150378, 0.7742521233639655, 0.8354393226841049, 0.8384594084659474, 0.8796233312961589, 0.8805053642889262, 0.8598120309075181, 0.8810315301194312, 0.9007423828454029, 0.9045835034108146, 0.9215986393549588, 0.9250412197041017, 0.9357936265002288, 0.9353965109962201, 0.9471521098513794, 0.949280317505178, 0.9542868952830674, 0.9514158889996155, 0.9527549492423499, 0.9572024318450622, 0.9642678242257843, 0.9637921353018404]

listiAveDiversityMetric2EveGen:
[24.97851294530791, 269.7925216945735, 183.26423583293277, 103.3470094135555, 64.4590276064199, 43.04027256248999, 39.14592269868612, 31.733126001442074, 22.01759254993858, 15.929157206377187, 12.13298900750414, 8.245021327378092, 5.34842155704214, 3.5379023293542713, 2.937292404395664, 2.749533521604443, 2.4764334007637667, 2.4936834074400474, 2.6374409215937615, 2.673165197884954, 2.895466939058912, 2.8648144027399454, 2.9710703479677396, 2.9091401818618796, 2.827153985916335, 2.8361013475707635, 2.889444382481271, 2.8805700531769087, 3.0034941669752953, 3.090145013381056, 3.195785339722595, 3.1576193216030535, 3.170615220511553, 3.2247722588913974, 3.3408616628272423, 3.4405069980342073, 3.431685680714245, 3.4476626604495646, 3.4262547335108122, 3.436722124376578, 3.4661333880064764, 3.4727133030616946, 3.4949444299360306, 3.5224325834445502, 3.569985853214968, 3.6130290888861216, 3.6309933016637292, 3.6532453483853424, 3.682506961719771, 3.684598744687378, 3.689219819528035]

listiAveFitEvaNumByThisGen:
[80, 1160, 2240, 3320, 4400, 5480, 6560, 7640, 8720, 9800, 10880, 11960, 13040, 14120, 15200, 16280, 17360, 18440, 19520, 20600, 21680, 22760, 23840, 24920, 26000, 27093, 28196, 29310, 30446, 31606, 32806, 34066, 35376, 36750, 38183, 39696, 41303, 42986, 44750, 46610, 48563, 50610, 52753, 54993, 57330, 59766, 62436, 65340, 68376, 71546, 74983]
------------------------new instance-----------------------------
listiEveGenLocalSearchedIndNum_AllRunsEve:
[0.0, 10.0, 20.0, 30.0, 40.0, 50.0, 60.0, 70.0, 80.0, 90.0, 100.0, 110.0, 120.0, 130.0, 140.0, 150.0, 160.0, 170.0, 180.0, 190.0, 200.0, 210.0, 220.0, 230.0, 240.0, 250.0, 260.0, 270.0, 280.0, 290.0, 300.0, 310.0, 320.0, 330.0, 340.0, 350.0, 360.0, 370.0, 380.0, 390.0, 400.0, 410.0, 420.0, 430.3333333333333, 441.0, 452.3333333333333, 465.0, 478.3333333333333, 493.0, 509.3333333333333, 526.6666666666666]

listfEveGenBestIndFitness_AllRunsAve:
[0.025598099027063788, 0.027119480953724528, 0.031014460254626654, 0.03494902254279021, 0.03873109172028711, 0.04206551359859601, 0.04617049684523281, 0.04949325537442346, 0.053527843150142126, 0.05724670518684622, 0.06056444390067563, 0.06401272403893112, 0.06742560069195874, 0.07061479263584841, 0.07364761792421387, 0.07654598560048002, 0.07917827795440117, 0.08126977826256092, 0.08321269803537074, 0.08490887991237603, 0.08624861766597329, 0.08731822108006285, 0.08808687809222022, 0.08855397309545224, 0.08910554712928734, 0.08929296681682533, 0.08946723122709918, 0.08954851426848201, 0.08966513051284486, 0.08968369004430295, 0.089686786165092, 0.08969697009274936, 0.08979302949951933, 0.08986869153048603, 0.0898858355663469, 0.0899095439612832, 0.08999135939463507, 0.08999391232214003, 0.089996465249645, 0.09007214572677745, 0.0902114441145352, 0.0902114441145352, 0.09021331271338501, 0.09021422718538351, 0.09021422718538351, 0.090221273838465, 0.090221273838465, 0.09025204723384582, 0.0903123708057053, 0.09032974750491368, 0.09033400093526152]

listEveGenDiversityMetric1_AllRunsAve:
[1.0, 1.0, 0.9929166666666667, 0.9616666666666666, 0.8558333333333332, 0.7820833333333332, 0.8158333333333335, 0.7575000000000001, 0.7858333333333333, 0.7508333333333332, 0.7375000000000002, 0.7454166666666666, 0.7591666666666665, 0.7333333333333333, 0.7641666666666665, 0.7608333333333336, 0.7566666666666664, 0.7479166666666667, 0.7291666666666666, 0.7329166666666665, 0.7158333333333335, 0.69125, 0.6624537037037038, 0.632361111111111, 0.6044775132275134, 0.5726851851851852, 0.5638645224171539, 0.5481599832915622, 0.5739418949673034, 0.5878099629143853, 0.5807727090052673, 0.6031201178205289, 0.6031591977041714, 0.6170934005212526, 0.6298822267435049, 0.6355871207642527, 0.6500658689238449, 0.6510538191356829, 0.6542691527363892, 0.6554009452147798, 0.6543742795295906, 0.6525844474476534, 0.65115977461464, 0.6503603851789239, 0.6485327430818912, 0.6457741009063274, 0.6404585626431937, 0.6346828773717808, 0.6283320241484922, 0.6190987654751955, 0.6074203548777732]

listfEveGenProportion_belongToLocalSearchedIndNeighbor_exceptCurrLocalSearchedInd_AllRunsAve:
[0.0, 0.0, 0.0, 0.0, 0.0, 0.0, 0.0, 0.0, 0.0, 0.0008333333333333334, 0.0016666666666666668, 0.004166666666666667, 0.013333333333333332, 0.029583333333333336, 0.04708333333333334, 0.075, 0.11166666666666665, 0.14791666666666667, 0.21000000000000005, 0.27749999999999997, 0.3158333333333333, 0.39791666666666664, 0.45254629629629634, 0.5426851851851852, 0.6029232804232805, 0.6644708994708993, 0.6999808549150653, 0.7686152882205516, 0.7717079576335475, 0.7905543887750704, 0.8276709169521035, 0.8176817718162331, 0.8565687705444011, 0.8653536955413477, 0.8692275238751747, 0.8843722984863251, 0.8916704749769341, 0.9081997735099037, 0.9183688131541516, 0.9265896472274002, 0.9322524873886436, 0.9393538890515014, 0.9403169806697711, 0.9427189072786736, 0.9455492005561349, 0.9486585855761296, 0.9514974328063973, 0.9556940320613815, 0.9573730146368431, 0.958352780140503, 0.9621470309033794]

listiAveDiversityMetric2EveGen:
[24.97851294530791, 327.8141852701223, 184.9951178764087, 95.54182918402498, 63.124312790418195, 41.473394478048384, 38.44490219916681, 27.257411519254397, 25.998137554745497, 19.733541573198746, 13.070427849436522, 8.759588113550178, 7.531350364524918, 6.402957702424825, 5.802318491961758, 5.184262117449127, 3.640679241441008, 3.1163690180526635, 2.886917694813865, 2.821974787026652, 2.959062289697165, 2.8229570915451583, 2.83882302536175, 2.9310525385695967, 2.9685385951946395, 3.131195655525188, 3.4209808890832374, 3.4749667907287205, 3.692999730791397, 3.8251339374310307, 3.9749452820514652, 4.043297706703809, 4.100987242461234, 4.232712894171377, 4.357609910994399, 4.387650379926828, 4.364270836927634, 4.3475691401136505, 4.38832174040427, 4.45153847619978, 4.47823673595467, 4.574584969238999, 4.646214195773534, 4.670793442101666, 4.6161057135950365, 4.579037999037718, 4.5414719398803065, 4.494737419226027, 4.466166504511483, 4.454215906220916, 4.456890831571582]

listiAveFitEvaNumByThisGen:
[80, 1160, 2240, 3320, 4400, 5480, 6560, 7640, 8720, 9800, 10880, 11960, 13040, 14120, 15200, 16280, 17360, 18440, 19520, 20600, 21680, 22760, 23840, 24923, 26013, 27113, 28223, 29363, 30533, 31750, 33020, 34346, 35746, 37213, 38766, 40406, 42130, 43946, 45853, 47856, 49960, 52160, 54460, 56893, 59460, 62190, 65153, 68283, 71646, 75276, 79106]
------------------------new instance-----------------------------
listiEveGenLocalSearchedIndNum_AllRunsEve:
[0.0, 10.0, 20.0, 30.0, 40.0, 50.0, 60.0, 70.0, 80.0, 90.0, 100.0, 110.0, 120.0, 130.0, 140.0, 150.0, 160.0, 170.0, 180.0, 190.0, 200.0, 210.0, 220.0, 230.0, 240.0, 250.0, 260.0, 270.0, 280.0, 290.0, 300.0, 310.0, 320.0, 330.0, 340.0, 350.0, 360.0, 370.0, 380.0, 390.0, 400.0, 410.0, 420.0, 430.0, 440.0, 450.0, 460.3333333333333, 472.3333333333333, 486.3333333333333, 501.3333333333333, 517.0]

listfEveGenBestIndFitness_AllRunsAve:
[0.024261107079590654, 0.025798229355474215, 0.02920740349056763, 0.03306924506659199, 0.03615311136750523, 0.039110803748770295, 0.04262826568979268, 0.04555340512025944, 0.048793658790673294, 0.05185217693556781, 0.05484901901090159, 0.057915320168508644, 0.0609414802834686, 0.064299717803304, 0.06729030676738249, 0.0700781481730368, 0.07256950387577933, 0.07499198712414747, 0.07714381182251213, 0.07887599187881579, 0.080337439551162, 0.08169783909523133, 0.08270610883734623, 0.08337207332688959, 0.08389636822948458, 0.08419431631996627, 0.08445483068015915, 0.08470530295892378, 0.08480813500616427, 0.08488158889101778, 0.08492911461411315, 0.08494614933841191, 0.08499375118558691, 0.08499803179677298, 0.085037235510661, 0.08510060260656033, 0.08510060260656033, 0.08510393492024754, 0.08511581720295872, 0.0851171059023055, 0.08512733750302681, 0.08513867813476465, 0.08513978716578118, 0.08513978716578118, 0.08513978716578118, 0.08513978716578118, 0.08513978716578118, 0.08514143367825339, 0.08514143367825339, 0.08519905602618241, 0.08519905602618241]

listEveGenDiversityMetric1_AllRunsAve:
[1.0, 1.0, 0.9979166666666667, 0.9620833333333334, 0.8383333333333334, 0.7829166666666667, 0.7791666666666667, 0.6829166666666666, 0.7425, 0.7225000000000001, 0.7233333333333333, 0.7533333333333334, 0.7504166666666665, 0.7912500000000001, 0.7741666666666667, 0.7558333333333334, 0.7616666666666666, 0.7374999999999997, 0.713333333333333, 0.7070833333333332, 0.6950000000000001, 0.6666666666666666, 0.6583333333333334, 0.6299074074074074, 0.5891203703703703, 0.5617195767195767, 0.5355820105820105, 0.5404034391534392, 0.5434844054580895, 0.5614470203285992, 0.5441088833194095, 0.5619090890540529, 0.5536420366190435, 0.5567505533361065, 0.5542556747399546, 0.5700350379097006, 0.5686850079038747, 0.5706564370579076, 0.5757421969760854, 0.5777236536819614, 0.5786150213096269, 0.5808832475993574, 0.5839653138684553, 0.5857643601891145, 0.5857999665933739, 0.5843014609669416, 0.5839559894062056, 0.5802479904204276, 0.5749218001817773, 0.5686717607188101, 0.5607630005043127]

listfEveGenProportion_belongToLocalSearchedIndNeighbor_exceptCurrLocalSearchedInd_AllRunsAve:
[0.0, 0.0, 0.0, 0.0, 0.0, 0.0, 0.0, 0.0, 0.0, 0.0004166666666666667, 0.0, 0.0025, 0.0029166666666666664, 0.010416666666666666, 0.02958333333333333, 0.04833333333333333, 0.07416666666666667, 0.13500000000000004, 0.20708333333333334, 0.25916666666666666, 0.3329166666666667, 0.41041666666666676, 0.4470833333333334, 0.5064814814814814, 0.6160648148148148, 0.6201984126984128, 0.7380291005291006, 0.705925925925926, 0.7473631996658313, 0.7485515873015873, 0.8038777499303814, 0.7889285954349476, 0.8531196515206203, 0.8546987795343061, 0.8790475457990404, 0.8816682903297387, 0.9080005280159887, 0.911080420539617, 0.9230093846281087, 0.9287367791445493, 0.9382598347809651, 0.9425290374272106, 0.9435876414093695, 0.9502432261855562, 0.9576518801622738, 0.9675456030811386, 0.9653536872689066, 0.9635263689495976, 0.960348849254292, 0.9621306569194031, 0.961486959837252]

listiAveDiversityMetric2EveGen:
[24.97851294530791, 318.0697272105165, 134.90739867409067, 99.22217235151952, 74.31164131349144, 45.64565812436576, 30.36952704895048, 18.656126772552472, 16.51617563624954, 14.975233075628905, 12.57262998050526, 10.870252773994554, 8.921079698098596, 7.796149642151364, 4.0929173576617, 3.0671521524328367, 2.816985322197297, 2.765802398787587, 2.9789368490626504, 2.746030667494525, 2.5636098114618378, 2.689386306281045, 2.604827855445174, 2.528402007800003, 2.289930537402837, 2.315019723667955, 2.349397966172193, 2.775444257598653, 2.7991740673969394, 3.559859604079445, 3.1513941368421503, 3.194187977452208, 2.9900680071013412, 2.9920555165709097, 3.104558135988652, 3.1948786690969824, 3.2128245276881433, 3.2550961039548647, 3.260344773427246, 3.2882682973542763, 3.347074047608058, 3.3623243608705793, 3.380601462209682, 3.3942938652665893, 3.4226135620659317, 3.4694822257707236, 3.502056679860627, 3.5363343945019343, 3.5590322000865653, 3.5995473855903977, 3.626933070700313]

listiAveFitEvaNumByThisGen:
[80, 1160, 2240, 3320, 4400, 5480, 6560, 7640, 8720, 9800, 10880, 11960, 13040, 14120, 15200, 16280, 17360, 18440, 19520, 20600, 21680, 22760, 23840, 24920, 26003, 27093, 28200, 29326, 30483, 31673, 32890, 34150, 35473, 36853, 38310, 39843, 41466, 43173, 44973, 46870, 48866, 50963, 53160, 55456, 57853, 60350, 62980, 65876, 69073, 72470, 76033]
------------------------new instance-----------------------------
