listiEveGenLocalSearchedIndNum_AllRunsEve:
[0.0, 10.0, 20.0, 28.866666666666667, 37.166666666666664, 46.9, 56.9, 66.9, 76.9, 86.9, 96.9]

listfEveGenBestIndFitness_AllRunsAve:
[0.3054429845397025, 0.38497261962021867, 0.4022770805222316, 0.405844683950958, 0.40594497453552086, 0.4059784047303752, 0.4059784047303752, 0.4059784047303752, 0.4059784047303752, 0.4059784047303752, 0.4059784047303752]

listEveGenDiversityMetric1_AllRunsAve:
[0.9916666666666667, 0.7833333333333333, 0.40000000000000013, 0.3602020202020203, 0.4551094276094277, 0.24999999999999997, 0.1667203282828283, 0.10902507215007216, 0.06797580891330891, 0.036290617984166364, 0.017297582942744232]

listfEveGenProportion_belongToLocalSearchedIndNeighbor_exceptCurrLocalSearchedInd_AllRunsAve:
[0.0, 0.0, 0.63, 0.7889444444444446, 0.7946675084175083, 0.9505218855218855, 0.9830934343434343, 0.9914046717171717, 0.9974557387057388, 0.9995543345543345, 1.0]

listiAveDiversityMetric2EveGen:
[2.499062788550323, 1.637307479224377, 1.7155438596491226, 1.775492429959243, 2.1132702923811113, 1.7247821444917582, 1.724389624211167, 1.7355347902770226, 1.729730555213333, 1.690241395781185, 1.5654494576196076]

listiAveFitEvaNumByThisGen:
[20, 140, 260, 368, 505, 709, 964, 1314, 1764, 2314, 2964]
------------------------new instance-----------------------------
listiEveGenLocalSearchedIndNum_AllRunsEve:
[0.0, 10.0, 20.0, 29.666666666666668, 37.36666666666667, 47.03333333333333, 57.03333333333333, 67.03333333333333, 77.03333333333333, 87.03333333333333, 97.03333333333333]

listfEveGenBestIndFitness_AllRunsAve:
[0.26930954468489043, 0.3301059099728647, 0.34455292029009343, 0.3479438040170273, 0.3479438040170273, 0.3479438040170273, 0.3479438040170273, 0.3479438040170273, 0.3479438040170273, 0.3479438040170273, 0.3479438040170273]

listEveGenDiversityMetric1_AllRunsAve:
[0.9916666666666667, 0.7966666666666667, 0.39333333333333337, 0.1791666666666667, 0.5262356902356903, 0.30127104377104374, 0.19759154040404045, 0.12066287878787879, 0.06454746642246642, 0.03031224152191895, 0.01263682106424042]

listfEveGenProportion_belongToLocalSearchedIndNeighbor_exceptCurrLocalSearchedInd_AllRunsAve:
[0.0, 0.0, 0.36000000000000004, 0.920648148148148, 0.7430502645502646, 0.930959595959596, 0.9791540404040404, 0.9931827200577198, 0.9981452228327229, 0.9998412698412698, 1.0]

listiAveDiversityMetric2EveGen:
[2.499062788550323, 1.9807331486611266, 1.5066814404432132, 0.5493779939205606, 1.9568054060921038, 1.8000403870150035, 1.8387334433947167, 1.8548542998194184, 1.792848463388906, 1.519055248421165, 1.0393742692258583]

listiAveFitEvaNumByThisGen:
[20, 140, 260, 376, 479, 676, 905, 1228, 1651, 2175, 2798]
------------------------new instance-----------------------------
listiEveGenLocalSearchedIndNum_AllRunsEve:
[0.0, 10.0, 20.0, 29.933333333333334, 38.4, 47.766666666666666, 57.766666666666666, 67.76666666666667, 77.76666666666667, 87.76666666666667, 97.76666666666667]

listfEveGenBestIndFitness_AllRunsAve:
[0.313181345107203, 0.36131658896035007, 0.38001128372357323, 0.3810419957148288, 0.38119195064112316, 0.38119195064112316, 0.38119195064112316, 0.38119195064112316, 0.38119195064112316, 0.38119195064112316, 0.38119195064112316]

listEveGenDiversityMetric1_AllRunsAve:
[0.9916666666666667, 0.78, 0.4983333333333332, 0.33888888888888885, 0.5756281866281866, 0.3513989898989899, 0.20385101010101006, 0.11854301948051947, 0.06313797313797315, 0.035313718539524995, 0.022729413656833015]

listfEveGenProportion_belongToLocalSearchedIndNeighbor_exceptCurrLocalSearchedInd_AllRunsAve:
[0.0, 0.0, 0.35000000000000014, 0.8733333333333332, 0.747012025012025, 0.9280151515151515, 0.9901262626262626, 0.9961954365079363, 0.9996031746031747, 1.0, 1.0]

listiAveDiversityMetric2EveGen:
[2.499062788550323, 2.097399815327793, 1.91770729455217, 1.9488946432718253, 2.383121269968319, 2.0131047965689035, 1.8392331953848493, 1.8156740445786397, 1.8124661200623995, 1.8963105523812787, 2.003695396531662]

listiAveFitEvaNumByThisGen:
[20, 140, 260, 379, 487, 678, 902, 1212, 1622, 2132, 2742]
------------------------new instance-----------------------------
listiEveGenLocalSearchedIndNum_AllRunsEve:
[0.0, 10.0, 20.0, 29.5, 36.0, 45.86666666666667, 55.86666666666667, 65.86666666666666, 75.86666666666666, 85.86666666666666, 95.86666666666666]

listfEveGenBestIndFitness_AllRunsAve:
[0.29230904106023153, 0.37853543256580374, 0.43030782362848324, 0.43030782362848324, 0.43030782362848324, 0.43030782362848324, 0.43030782362848324, 0.43030782362848324, 0.43030782362848324, 0.43030782362848324, 0.43030782362848324]

listEveGenDiversityMetric1_AllRunsAve:
[0.9916666666666667, 0.7783333333333334, 0.3133333333333334, 0.1986666666666666, 0.4936285473785473, 0.25142424242424244, 0.14720959595959593, 0.07378472222222224, 0.039468101343101344, 0.019558962542833513, 0.01019288208804338]

listfEveGenProportion_belongToLocalSearchedIndNeighbor_exceptCurrLocalSearchedInd_AllRunsAve:
[0.0, 0.0, 0.4016666666666666, 0.9173888888888887, 0.7827670755170756, 0.9488585858585858, 0.989614898989899, 0.9981150793650795, 0.9998958333333333, 1.0, 1.0]

listiAveDiversityMetric2EveGen:
[2.499062788550323, 1.6153185595567863, 1.0736038781163437, 0.872998664563081, 2.164703897655282, 1.6753367538939727, 1.574561498528535, 1.3671306533991716, 1.2574800190003794, 1.1325971016209242, 1.0187247976991423]

listiAveFitEvaNumByThisGen:
[20, 140, 260, 375, 476, 671, 917, 1260, 1704, 2247, 2890]
------------------------new instance-----------------------------
listiEveGenLocalSearchedIndNum_AllRunsEve:
[0.0, 10.0, 20.0, 29.466666666666665, 35.9, 45.9, 55.9, 65.9, 75.9, 85.9, 95.9]

listfEveGenBestIndFitness_AllRunsAve:
[0.2623895374279054, 0.32819738414132915, 0.3427158023656089, 0.3427158023656089, 0.3427158023656089, 0.3427158023656089, 0.3427158023656089, 0.3427158023656089, 0.3427158023656089, 0.3427158023656089, 0.3427158023656089]

listEveGenDiversityMetric1_AllRunsAve:
[0.9916666666666667, 0.7599999999999999, 0.3583333333333334, 0.18916666666666657, 0.49231758056758057, 0.2543181818181818, 0.14608901515151515, 0.07948412698412698, 0.04387057387057387, 0.02570099255583127, 0.01354689366786141]

listfEveGenProportion_belongToLocalSearchedIndNeighbor_exceptCurrLocalSearchedInd_AllRunsAve:
[0.0, 0.0, 0.45833333333333337, 0.9308333333333333, 0.7667929292929293, 0.946868686868687, 0.9899905303030301, 0.9976041666666666, 0.9997619047619046, 1.0, 1.0]

listiAveDiversityMetric2EveGen:
[2.499062788550323, 1.6873933518005544, 1.333634349030471, 0.7806342213165749, 2.2190201802704, 1.7560193492441938, 1.6793862923341045, 1.5829231994707493, 1.539850766732505, 1.5700673545832633, 1.4443964931630888]

listiAveFitEvaNumByThisGen:
[20, 140, 260, 374, 479, 679, 929, 1269, 1709, 2249, 2889]
------------------------new instance-----------------------------
listiEveGenLocalSearchedIndNum_AllRunsEve:
[0.0, 10.0, 20.0, 29.766666666666666, 38.36666666666667, 48.0, 57.733333333333334, 67.73333333333333, 77.73333333333333, 87.73333333333333, 97.73333333333333]

listfEveGenBestIndFitness_AllRunsAve:
[0.2790642806462931, 0.30964618673683764, 0.3157615817742631, 0.31753000654739766, 0.31753000654739766, 0.31753000654739766, 0.31753000654739766, 0.31753000654739766, 0.31753000654739766, 0.31753000654739766, 0.31753000654739766]

listEveGenDiversityMetric1_AllRunsAve:
[0.9916666666666667, 0.8066666666666668, 0.45, 0.2968585858585859, 0.514473063973064, 0.31726767676767675, 0.2480250420875421, 0.15538825757575758, 0.08579136141636141, 0.047867777383906435, 0.026816469074533594]

listfEveGenProportion_belongToLocalSearchedIndNeighbor_exceptCurrLocalSearchedInd_AllRunsAve:
[0.0, 0.0, 0.5616666666666666, 0.881050505050505, 0.7643653198653199, 0.9198181818181819, 0.9562668350168348, 0.984424603174603, 0.9967708333333333, 0.9993650793650793, 1.0]

listiAveDiversityMetric2EveGen:
[2.499062788550323, 2.2598855032317635, 1.5538633425669437, 1.1861450089925605, 1.9668644388392513, 2.00134096497282, 2.0865680674751608, 2.0414695673766037, 1.8839707841539912, 1.7133612492208534, 1.6553198748226405]

listiAveFitEvaNumByThisGen:
[20, 140, 260, 377, 496, 691, 914, 1230, 1646, 2163, 2780]
------------------------new instance-----------------------------
listiEveGenLocalSearchedIndNum_AllRunsEve:
[0.0, 10.0, 20.0, 29.433333333333334, 37.13333333333333, 46.766666666666666, 56.766666666666666, 66.76666666666667, 76.76666666666667, 86.76666666666667, 96.76666666666667]

listfEveGenBestIndFitness_AllRunsAve:
[0.22474943839875167, 0.2857135727358003, 0.3007537777632273, 0.3007537777632273, 0.3007537777632273, 0.3007537777632273, 0.3007537777632273, 0.3007537777632273, 0.3007537777632273, 0.3007537777632273, 0.3007537777632273]

listEveGenDiversityMetric1_AllRunsAve:
[0.9916666666666667, 0.7816666666666666, 0.4233333333333333, 0.27227272727272733, 0.41065680615680616, 0.2642727272727272, 0.1586710858585859, 0.10961580086580089, 0.07378815628815628, 0.03952656662334083, 0.0188466133627424]

listfEveGenProportion_belongToLocalSearchedIndNeighbor_exceptCurrLocalSearchedInd_AllRunsAve:
[0.0, 0.0, 0.5566666666666666, 0.8110858585858586, 0.8207028619528619, 0.9262929292929293, 0.9813983585858588, 0.9895522186147188, 0.9946581196581199, 0.9987362637362636, 0.9996464019851117]

listiAveDiversityMetric2EveGen:
[2.499062788550323, 1.6067765466297323, 1.6728688827331484, 1.0922988518249213, 1.8428049450061925, 1.7464791009838254, 1.707789063733887, 1.771261255948698, 1.7747447840240889, 1.672515478544821, 1.5016286212722771]

listiAveFitEvaNumByThisGen:
[20, 140, 260, 374, 497, 689, 936, 1273, 1710, 2246, 2883]
------------------------new instance-----------------------------
listiEveGenLocalSearchedIndNum_AllRunsEve:
[0.0, 10.0, 20.0, 29.533333333333335, 37.5, 46.233333333333334, 56.233333333333334, 66.23333333333333, 76.23333333333333, 86.23333333333333, 96.23333333333333]

listfEveGenBestIndFitness_AllRunsAve:
[0.240473741828582, 0.2937049329982007, 0.31346607530809223, 0.31586899676621977, 0.31586899676621977, 0.31586899676621977, 0.31586899676621977, 0.31586899676621977, 0.31586899676621977, 0.31586899676621977, 0.31586899676621977]

listEveGenDiversityMetric1_AllRunsAve:
[0.9916666666666667, 0.81, 0.4583333333333333, 0.25672222222222224, 0.4339040404040404, 0.40151515151515144, 0.23674873737373742, 0.14591991341991342, 0.08543917887667887, 0.047291051242664146, 0.02472877033360904]

listfEveGenProportion_belongToLocalSearchedIndNeighbor_exceptCurrLocalSearchedInd_AllRunsAve:
[0.0, 0.0, 0.45499999999999996, 0.8364444444444444, 0.8271851851851851, 0.887425925925926, 0.9770328282828283, 0.9954829545454544, 0.9994742063492065, 0.9998412698412698, 1.0]

listiAveDiversityMetric2EveGen:
[2.499062788550323, 1.8690627885503233, 1.6058845798707293, 1.3753807682829635, 1.8564213036268762, 1.9258758084213032, 1.797493028783032, 1.7631473720470272, 1.7413905011742814, 1.69998035357956, 1.624847694919836]

listiAveFitEvaNumByThisGen:
[20, 140, 260, 375, 481, 644, 864, 1161, 1557, 2054, 2651]
------------------------new instance-----------------------------
