listiEveGenLocalSearchedIndNum_AllRunsEve:
[0.0, 0.0, 0.0, 0.0, 0.0, 0.0, 0.0, 0.0, 0.0, 0.0, 0.0, 0.0, 0.0, 0.0, 0.0, 0.0, 0.0, 0.0, 0.0, 0.0, 0.0, 0.0, 0.0, 0.0, 0.0, 0.0, 0.0, 0.0, 0.0, 0.0, 0.0, 0.0, 0.0, 0.0, 0.0, 0.0, 0.0, 0.0, 0.0, 0.0, 0.0, 0.0, 0.0, 0.0, 0.0, 0.0, 0.0, 0.0, 0.0, 0.0, 0.0, 0.0, 0.0, 0.0, 0.0, 0.0, 0.0, 0.0, 0.0, 0.0, 0.0]

listfEveGenBestIndFitness_AllRunsAve:
[0.3206587924904066, 0.3481376489816274, 0.3847218517501743, 0.3970281634591026, 0.403670691698868, 0.4051311632652128, 0.4051645934600671, 0.40519802365492136, 0.4059115443406666, 0.4059115443406666, 0.4059115443406666, 0.4059115443406666, 0.40594497453552086, 0.4059784047303752, 0.4059784047303752, 0.4059784047303752, 0.4059784047303752, 0.4059784047303752, 0.4059784047303752, 0.4059784047303752, 0.4059784047303752, 0.4059784047303752, 0.4059784047303752, 0.4059784047303752, 0.4059784047303752, 0.4059784047303752, 0.4059784047303752, 0.4059784047303752, 0.4059784047303752, 0.4059784047303752, 0.4059784047303752, 0.4059784047303752, 0.4059784047303752, 0.4059784047303752, 0.4059784047303752, 0.4059784047303752, 0.4059784047303752, 0.4059784047303752, 0.4059784047303752, 0.4059784047303752, 0.4059784047303752, 0.4059784047303752, 0.4059784047303752, 0.4059784047303752, 0.4059784047303752, 0.4059784047303752, 0.4059784047303752, 0.4059784047303752, 0.4059784047303752, 0.4059784047303752, 0.4059784047303752, 0.4059784047303752, 0.4059784047303752, 0.4059784047303752, 0.4059784047303752, 0.4059784047303752, 0.4059784047303752, 0.4059784047303752, 0.4059784047303752, 0.4059784047303752, 0.4059784047303752]

listEveGenDiversityMetric1_AllRunsAve:
[0.9899999999999999, 0.8733333333333333, 0.7222222222222224, 0.5455555555555556, 0.3522222222222221, 0.17666666666666664, 0.10111111111111115, 0.09000000000000004, 0.09000000000000007, 0.08111111111111116, 0.0666666666666667, 0.06000000000000003, 0.05333333333333335, 0.046666666666666676, 0.04111111111111112, 0.04000000000000001, 0.03666666666666667, 0.03666666666666667, 0.035555555555555556, 0.035555555555555556, 0.035555555555555556, 0.03444444444444444, 0.03444444444444444, 0.03444444444444444, 0.03333333333333333, 0.03333333333333333, 0.03333333333333333, 0.03333333333333333, 0.03333333333333333, 0.03333333333333333, 0.03333333333333333, 0.03333333333333333, 0.03333333333333333, 0.03333333333333333, 0.03333333333333333, 0.03333333333333333, 0.03333333333333333, 0.03333333333333333, 0.03333333333333333, 0.03333333333333333, 0.03333333333333333, 0.03333333333333333, 0.03333333333333333, 0.03333333333333333, 0.03333333333333333, 0.03333333333333333, 0.03333333333333333, 0.03333333333333333, 0.03333333333333333, 0.03333333333333333, 0.03333333333333333, 0.03333333333333333, 0.03333333333333333, 0.03333333333333333, 0.03333333333333333, 0.03333333333333333, 0.03333333333333333, 0.03333333333333333, 0.03333333333333333, 0.03333333333333333, 0.03333333333333333]

listfEveGenProportion_belongToLocalSearchedIndNeighbor_exceptCurrLocalSearchedInd_AllRunsAve:
[0.0, 0.0, 0.0, 0.0, 0.0, 0.0, 0.0, 0.0, 0.0, 0.0, 0.0, 0.0, 0.0, 0.0, 0.0, 0.0, 0.0, 0.0, 0.0, 0.0, 0.0, 0.0, 0.0, 0.0, 0.0, 0.0, 0.0, 0.0, 0.0, 0.0, 0.0, 0.0, 0.0, 0.0, 0.0, 0.0, 0.0, 0.0, 0.0, 0.0, 0.0, 0.0, 0.0, 0.0, 0.0, 0.0, 0.0, 0.0, 0.0, 0.0, 0.0, 0.0, 0.0, 0.0, 0.0, 0.0, 0.0, 0.0, 0.0, 0.0, 0.0]

listiAveDiversityMetric2EveGen:
[2.4705509314308363, 2.4476589597921348, 2.0891372704452364, 1.8163607698066677, 1.6865100629761747, 1.2150801074558506, 0.8753247897124233, 0.8679783326727438, 0.8711745276786892, 0.8691409697450123, 0.6916591359492666, 0.5468185141145903, 0.4546080063416567, 0.27257850002201967, 0.13085374554102258, 0.11620733694455451, 0.06890421455938697, 0.08047703351389437, 0.05737367331659841, 0.06060791826309067, 0.06384498172369753, 0.0332936979785969, 0.03276099881093935, 0.008296296296296296, 0.0, 0.0, 0.0, 0.0, 0.0, 0.0, 0.0, 0.0, 0.0, 0.0, 0.0, 0.0, 0.0, 0.0, 0.0, 0.0, 0.0, 0.0, 0.0, 0.0, 0.0, 0.0, 0.0, 0.0, 0.0, 0.0, 0.0, 0.0, 0.0, 0.0, 0.0, 0.0, 0.0, 0.0, 0.0, 0.0, 0.0]

listiAveFitEvaNumByThisGen:
[30, 83, 136, 191, 245, 299, 352, 407, 461, 516, 569, 623, 677, 730, 785, 839, 894, 948, 1002, 1055, 1110, 1165, 1218, 1272, 1326, 1380, 1434, 1488, 1543, 1597, 1652, 1706, 1760, 1813, 1867, 1920, 1975, 2029, 2083, 2137, 2191, 2245, 2299, 2352, 2406, 2461, 2515, 2569, 2623, 2677, 2732, 2785, 2840, 2895, 2950, 3004, 3058, 3111, 3165, 3219, 3272]
------------------------new instance-----------------------------
listiEveGenLocalSearchedIndNum_AllRunsEve:
[0.0, 0.0, 0.0, 0.0, 0.0, 0.0, 0.0, 0.0, 0.0, 0.0, 0.0, 0.0, 0.0, 0.0, 0.0, 0.0, 0.0, 0.0, 0.0, 0.0, 0.0, 0.0, 0.0, 0.0, 0.0, 0.0, 0.0, 0.0, 0.0, 0.0, 0.0, 0.0, 0.0, 0.0, 0.0, 0.0, 0.0, 0.0, 0.0, 0.0, 0.0, 0.0, 0.0, 0.0, 0.0, 0.0, 0.0, 0.0, 0.0, 0.0, 0.0, 0.0, 0.0, 0.0, 0.0, 0.0, 0.0, 0.0, 0.0, 0.0, 0.0]

listfEveGenBestIndFitness_AllRunsAve:
[0.28804631393411545, 0.3100562590781582, 0.32844310254476633, 0.33899033153059865, 0.34401047059132434, 0.34753688487014667, 0.3479438040170273, 0.3479438040170273, 0.3479438040170273, 0.3479438040170273, 0.3479438040170273, 0.3479438040170273, 0.3479438040170273, 0.3479438040170273, 0.3479438040170273, 0.3479438040170273, 0.3479438040170273, 0.3479438040170273, 0.3479438040170273, 0.3479438040170273, 0.3479438040170273, 0.3479438040170273, 0.3479438040170273, 0.3479438040170273, 0.3479438040170273, 0.3479438040170273, 0.3479438040170273, 0.3479438040170273, 0.3479438040170273, 0.3479438040170273, 0.3479438040170273, 0.3479438040170273, 0.3479438040170273, 0.3479438040170273, 0.3479438040170273, 0.3479438040170273, 0.3479438040170273, 0.3479438040170273, 0.3479438040170273, 0.3479438040170273, 0.3479438040170273, 0.3479438040170273, 0.3479438040170273, 0.3479438040170273, 0.3479438040170273, 0.3479438040170273, 0.3479438040170273, 0.3479438040170273, 0.3479438040170273, 0.3479438040170273, 0.3479438040170273, 0.3479438040170273, 0.3479438040170273, 0.3479438040170273, 0.3479438040170273, 0.3479438040170273, 0.3479438040170273, 0.3479438040170273, 0.3479438040170273, 0.3479438040170273, 0.3479438040170273]

listEveGenDiversityMetric1_AllRunsAve:
[0.9899999999999999, 0.8722222222222221, 0.7488888888888888, 0.5766666666666665, 0.3488888888888889, 0.2, 0.11444444444444452, 0.08777777777777782, 0.06666666666666667, 0.048888888888888905, 0.04222222222222224, 0.03444444444444444, 0.03333333333333333, 0.03333333333333333, 0.03333333333333333, 0.03333333333333333, 0.03333333333333333, 0.03333333333333333, 0.03333333333333333, 0.03333333333333333, 0.03333333333333333, 0.03333333333333333, 0.03333333333333333, 0.03333333333333333, 0.03333333333333333, 0.03333333333333333, 0.03333333333333333, 0.03333333333333333, 0.03333333333333333, 0.03333333333333333, 0.03333333333333333, 0.03333333333333333, 0.03333333333333333, 0.03333333333333333, 0.03333333333333333, 0.03333333333333333, 0.03333333333333333, 0.03333333333333333, 0.03333333333333333, 0.03333333333333333, 0.03333333333333333, 0.03333333333333333, 0.03333333333333333, 0.03333333333333333, 0.03333333333333333, 0.03333333333333333, 0.03333333333333333, 0.03333333333333333, 0.03333333333333333, 0.03333333333333333, 0.03333333333333333, 0.03333333333333333, 0.03333333333333333, 0.03333333333333333, 0.03333333333333333, 0.03333333333333333, 0.03333333333333333, 0.03333333333333333, 0.03333333333333333, 0.03333333333333333, 0.03333333333333333]

listfEveGenProportion_belongToLocalSearchedIndNeighbor_exceptCurrLocalSearchedInd_AllRunsAve:
[0.0, 0.0, 0.0, 0.0, 0.0, 0.0, 0.0, 0.0, 0.0, 0.0, 0.0, 0.0, 0.0, 0.0, 0.0, 0.0, 0.0, 0.0, 0.0, 0.0, 0.0, 0.0, 0.0, 0.0, 0.0, 0.0, 0.0, 0.0, 0.0, 0.0, 0.0, 0.0, 0.0, 0.0, 0.0, 0.0, 0.0, 0.0, 0.0, 0.0, 0.0, 0.0, 0.0, 0.0, 0.0, 0.0, 0.0, 0.0, 0.0, 0.0, 0.0, 0.0, 0.0, 0.0, 0.0, 0.0, 0.0, 0.0, 0.0, 0.0, 0.0]

listiAveDiversityMetric2EveGen:
[2.470734134848285, 2.5205330514819213, 2.1186819923371654, 1.8913318359977092, 1.728279737525873, 1.127494076716431, 0.7034116351785793, 0.372181618003259, 0.21840278328268808, 0.10746747698947462, 0.05283093319240762, 0.006826088871273175, 0.0, 0.0, 0.0, 0.0, 0.0, 0.0, 0.0, 0.0, 0.0, 0.0, 0.0, 0.0, 0.0, 0.0, 0.0, 0.0, 0.0, 0.0, 0.0, 0.0, 0.0, 0.0, 0.0, 0.0, 0.0, 0.0, 0.0, 0.0, 0.0, 0.0, 0.0, 0.0, 0.0, 0.0, 0.0, 0.0, 0.0, 0.0, 0.0, 0.0, 0.0, 0.0, 0.0, 0.0, 0.0, 0.0, 0.0, 0.0, 0.0]

listiAveFitEvaNumByThisGen:
[30, 83, 136, 191, 245, 299, 352, 407, 461, 516, 569, 623, 677, 730, 785, 839, 894, 948, 1002, 1055, 1110, 1165, 1218, 1272, 1326, 1380, 1434, 1488, 1543, 1597, 1652, 1706, 1760, 1813, 1867, 1920, 1975, 2029, 2083, 2137, 2191, 2245, 2299, 2352, 2406, 2461, 2515, 2569, 2623, 2677, 2732, 2785, 2840, 2895, 2950, 3004, 3058, 3111, 3165, 3219, 3272]
------------------------new instance-----------------------------
listiEveGenLocalSearchedIndNum_AllRunsEve:
[0.0, 0.0, 0.0, 0.0, 0.0, 0.0, 0.0, 0.0, 0.0, 0.0, 0.0, 0.0, 0.0, 0.0, 0.0, 0.0, 0.0, 0.0, 0.0, 0.0, 0.0, 0.0, 0.0, 0.0, 0.0, 0.0, 0.0, 0.0, 0.0, 0.0, 0.0, 0.0, 0.0, 0.0, 0.0, 0.0, 0.0, 0.0, 0.0, 0.0, 0.0, 0.0, 0.0, 0.0, 0.0, 0.0, 0.0, 0.0, 0.0, 0.0, 0.0, 0.0, 0.0, 0.0, 0.0, 0.0, 0.0, 0.0, 0.0, 0.0, 0.0]

listfEveGenBestIndFitness_AllRunsAve:
[0.322896929770301, 0.35060225032128284, 0.36348132817566337, 0.37558573246863614, 0.3785959922460608, 0.379650608615141, 0.3798051706580399, 0.3805125463561938, 0.38058752381934097, 0.3806625012824882, 0.38073747874563535, 0.38081245620878257, 0.3808874336719298, 0.380962411135077, 0.380962411135077, 0.380962411135077, 0.380962411135077, 0.380962411135077, 0.38111697317797594, 0.38119195064112316, 0.38119195064112316, 0.38119195064112316, 0.38119195064112316, 0.38119195064112316, 0.38119195064112316, 0.38119195064112316, 0.38119195064112316, 0.38119195064112316, 0.38119195064112316, 0.38119195064112316, 0.38119195064112316, 0.38119195064112316, 0.38119195064112316, 0.38119195064112316, 0.38119195064112316, 0.38119195064112316, 0.38119195064112316, 0.38119195064112316, 0.38119195064112316, 0.38119195064112316, 0.38119195064112316, 0.38119195064112316, 0.38119195064112316, 0.38119195064112316, 0.38119195064112316, 0.38119195064112316, 0.38119195064112316, 0.38119195064112316, 0.38119195064112316, 0.38119195064112316, 0.38119195064112316, 0.38119195064112316, 0.38119195064112316, 0.38119195064112316, 0.38119195064112316, 0.38119195064112316, 0.38119195064112316, 0.38119195064112316, 0.38119195064112316, 0.38119195064112316, 0.38119195064112316]

listEveGenDiversityMetric1_AllRunsAve:
[0.9899999999999999, 0.8766666666666666, 0.7400000000000001, 0.5533333333333333, 0.40111111111111114, 0.30111111111111116, 0.23777777777777784, 0.18888888888888897, 0.1366666666666667, 0.10444444444444446, 0.08555555555555559, 0.0766666666666667, 0.06666666666666668, 0.06111111111111112, 0.05666666666666667, 0.05111111111111112, 0.048888888888888905, 0.046666666666666676, 0.04333333333333334, 0.04333333333333334, 0.04333333333333334, 0.04222222222222224, 0.04111111111111112, 0.04111111111111112, 0.03777777777777778, 0.035555555555555556, 0.035555555555555556, 0.035555555555555556, 0.035555555555555556, 0.03333333333333333, 0.03333333333333333, 0.03333333333333333, 0.03333333333333333, 0.03333333333333333, 0.03333333333333333, 0.03333333333333333, 0.03333333333333333, 0.03333333333333333, 0.03333333333333333, 0.03333333333333333, 0.03333333333333333, 0.03333333333333333, 0.03333333333333333, 0.03333333333333333, 0.03333333333333333, 0.03333333333333333, 0.03333333333333333, 0.03333333333333333, 0.03333333333333333, 0.03333333333333333, 0.03333333333333333, 0.03333333333333333, 0.03333333333333333, 0.03333333333333333, 0.03333333333333333, 0.03333333333333333, 0.03333333333333333, 0.03333333333333333, 0.03333333333333333, 0.03333333333333333, 0.03333333333333333]

listfEveGenProportion_belongToLocalSearchedIndNeighbor_exceptCurrLocalSearchedInd_AllRunsAve:
[0.0, 0.0, 0.0, 0.0, 0.0, 0.0, 0.0, 0.0, 0.0, 0.0, 0.0, 0.0, 0.0, 0.0, 0.0, 0.0, 0.0, 0.0, 0.0, 0.0, 0.0, 0.0, 0.0, 0.0, 0.0, 0.0, 0.0, 0.0, 0.0, 0.0, 0.0, 0.0, 0.0, 0.0, 0.0, 0.0, 0.0, 0.0, 0.0, 0.0, 0.0, 0.0, 0.0, 0.0, 0.0, 0.0, 0.0, 0.0, 0.0, 0.0, 0.0, 0.0, 0.0, 0.0, 0.0, 0.0, 0.0, 0.0, 0.0, 0.0, 0.0]

listiAveDiversityMetric2EveGen:
[2.468142863434183, 2.5417000924824933, 2.2482864314968953, 2.0876977143612105, 2.001074910820452, 2.04202404544854, 1.9880766283524904, 1.9637975954551459, 1.7534180649139028, 1.6180839388734751, 1.4409399744572156, 1.2511835116924295, 1.1689885938256919, 0.9187411811335708, 0.7730084995816267, 0.5097578720218434, 0.4637428105870436, 0.35047236534989207, 0.2298202316466288, 0.22471026555687673, 0.25132549434095214, 0.2362844937684415, 0.20827691901175846, 0.21767807284097415, 0.09999101598625974, 0.06523732769630511, 0.06666349583828776, 0.06606456158893732, 0.03255242876645968, 0.0, 0.0, 0.0, 0.0, 0.0, 0.0, 0.0, 0.0, 0.0, 0.0, 0.0, 0.0, 0.0, 0.0, 0.0, 0.0, 0.0, 0.0, 0.0, 0.0, 0.0, 0.0, 0.0, 0.0, 0.0, 0.0, 0.0, 0.0, 0.0, 0.0, 0.0, 0.0]

listiAveFitEvaNumByThisGen:
[30, 83, 136, 191, 245, 299, 352, 407, 461, 516, 569, 623, 677, 730, 785, 839, 894, 948, 1002, 1055, 1110, 1165, 1218, 1272, 1326, 1380, 1434, 1488, 1543, 1597, 1652, 1706, 1760, 1813, 1867, 1920, 1975, 2029, 2083, 2137, 2191, 2245, 2299, 2352, 2406, 2461, 2515, 2569, 2623, 2677, 2732, 2785, 2840, 2895, 2950, 3004, 3058, 3111, 3165, 3219, 3272]
------------------------new instance-----------------------------
listiEveGenLocalSearchedIndNum_AllRunsEve:
[0.0, 0.0, 0.0, 0.0, 0.0, 0.0, 0.0, 0.0, 0.0, 0.0, 0.0, 0.0, 0.0, 0.0, 0.0, 0.0, 0.0, 0.0, 0.0, 0.0, 0.0, 0.0, 0.0, 0.0, 0.0, 0.0, 0.0, 0.0, 0.0, 0.0, 0.0, 0.0, 0.0, 0.0, 0.0, 0.0, 0.0, 0.0, 0.0, 0.0, 0.0, 0.0, 0.0, 0.0, 0.0, 0.0, 0.0, 0.0, 0.0, 0.0, 0.0, 0.0, 0.0, 0.0, 0.0, 0.0, 0.0, 0.0, 0.0, 0.0, 0.0]

listfEveGenBestIndFitness_AllRunsAve:
[0.3182202420628597, 0.35238379312530854, 0.40210996377925456, 0.42202468107052077, 0.43030782362848324, 0.43030782362848324, 0.43030782362848324, 0.43030782362848324, 0.43030782362848324, 0.43030782362848324, 0.43030782362848324, 0.43030782362848324, 0.43030782362848324, 0.43030782362848324, 0.43030782362848324, 0.43030782362848324, 0.43030782362848324, 0.43030782362848324, 0.43030782362848324, 0.43030782362848324, 0.43030782362848324, 0.43030782362848324, 0.43030782362848324, 0.43030782362848324, 0.43030782362848324, 0.43030782362848324, 0.43030782362848324, 0.43030782362848324, 0.43030782362848324, 0.43030782362848324, 0.43030782362848324, 0.43030782362848324, 0.43030782362848324, 0.43030782362848324, 0.43030782362848324, 0.43030782362848324, 0.43030782362848324, 0.43030782362848324, 0.43030782362848324, 0.43030782362848324, 0.43030782362848324, 0.43030782362848324, 0.43030782362848324, 0.43030782362848324, 0.43030782362848324, 0.43030782362848324, 0.43030782362848324, 0.43030782362848324, 0.43030782362848324, 0.43030782362848324, 0.43030782362848324, 0.43030782362848324, 0.43030782362848324, 0.43030782362848324, 0.43030782362848324, 0.43030782362848324, 0.43030782362848324, 0.43030782362848324, 0.43030782362848324, 0.43030782362848324, 0.43030782362848324]

listEveGenDiversityMetric1_AllRunsAve:
[0.9899999999999999, 0.8911111111111111, 0.7066666666666667, 0.46333333333333343, 0.25555555555555554, 0.12111111111111109, 0.05444444444444449, 0.038888888888888896, 0.03666666666666667, 0.03333333333333333, 0.03333333333333333, 0.03333333333333333, 0.03333333333333333, 0.03333333333333333, 0.03333333333333333, 0.03333333333333333, 0.03333333333333333, 0.03333333333333333, 0.03333333333333333, 0.03333333333333333, 0.03333333333333333, 0.03333333333333333, 0.03333333333333333, 0.03333333333333333, 0.03333333333333333, 0.03333333333333333, 0.03333333333333333, 0.03333333333333333, 0.03333333333333333, 0.03333333333333333, 0.03333333333333333, 0.03333333333333333, 0.03333333333333333, 0.03333333333333333, 0.03333333333333333, 0.03333333333333333, 0.03333333333333333, 0.03333333333333333, 0.03333333333333333, 0.03333333333333333, 0.03333333333333333, 0.03333333333333333, 0.03333333333333333, 0.03333333333333333, 0.03333333333333333, 0.03333333333333333, 0.03333333333333333, 0.03333333333333333, 0.03333333333333333, 0.03333333333333333, 0.03333333333333333, 0.03333333333333333, 0.03333333333333333, 0.03333333333333333, 0.03333333333333333, 0.03333333333333333, 0.03333333333333333, 0.03333333333333333, 0.03333333333333333, 0.03333333333333333, 0.03333333333333333]

listfEveGenProportion_belongToLocalSearchedIndNeighbor_exceptCurrLocalSearchedInd_AllRunsAve:
[0.0, 0.0, 0.0, 0.0, 0.0, 0.0, 0.0, 0.0, 0.0, 0.0, 0.0, 0.0, 0.0, 0.0, 0.0, 0.0, 0.0, 0.0, 0.0, 0.0, 0.0, 0.0, 0.0, 0.0, 0.0, 0.0, 0.0, 0.0, 0.0, 0.0, 0.0, 0.0, 0.0, 0.0, 0.0, 0.0, 0.0, 0.0, 0.0, 0.0, 0.0, 0.0, 0.0, 0.0, 0.0, 0.0, 0.0, 0.0, 0.0, 0.0, 0.0, 0.0, 0.0, 0.0, 0.0, 0.0, 0.0, 0.0, 0.0, 0.0, 0.0]

listiAveDiversityMetric2EveGen:
[2.4722279473290176, 2.4248984013740267, 1.9858655040295945, 1.5582630906768837, 1.164377504734223, 0.6740846435020038, 0.24169005152596115, 0.03224133527106179, 0.03331201832034176, 0.0, 0.0, 0.0, 0.0, 0.0, 0.0, 0.0, 0.0, 0.0, 0.0, 0.0, 0.0, 0.0, 0.0, 0.0, 0.0, 0.0, 0.0, 0.0, 0.0, 0.0, 0.0, 0.0, 0.0, 0.0, 0.0, 0.0, 0.0, 0.0, 0.0, 0.0, 0.0, 0.0, 0.0, 0.0, 0.0, 0.0, 0.0, 0.0, 0.0, 0.0, 0.0, 0.0, 0.0, 0.0, 0.0, 0.0, 0.0, 0.0, 0.0, 0.0, 0.0]

listiAveFitEvaNumByThisGen:
[30, 83, 136, 191, 245, 299, 352, 407, 461, 516, 569, 623, 677, 730, 785, 839, 894, 948, 1002, 1055, 1110, 1165, 1218, 1272, 1326, 1380, 1434, 1488, 1543, 1597, 1652, 1706, 1760, 1813, 1867, 1920, 1975, 2029, 2083, 2137, 2191, 2245, 2299, 2352, 2406, 2461, 2515, 2569, 2623, 2677, 2732, 2785, 2840, 2895, 2950, 3004, 3058, 3111, 3165, 3219, 3272]
------------------------new instance-----------------------------
listiEveGenLocalSearchedIndNum_AllRunsEve:
[0.0, 0.0, 0.0, 0.0, 0.0, 0.0, 0.0, 0.0, 0.0, 0.0, 0.0, 0.0, 0.0, 0.0, 0.0, 0.0, 0.0, 0.0, 0.0, 0.0, 0.0, 0.0, 0.0, 0.0, 0.0, 0.0, 0.0, 0.0, 0.0, 0.0, 0.0, 0.0, 0.0, 0.0, 0.0, 0.0, 0.0, 0.0, 0.0, 0.0, 0.0, 0.0, 0.0, 0.0, 0.0, 0.0, 0.0, 0.0, 0.0, 0.0, 0.0, 0.0, 0.0, 0.0, 0.0, 0.0, 0.0, 0.0, 0.0, 0.0, 0.0]

listfEveGenBestIndFitness_AllRunsAve:
[0.2761667599804137, 0.3050413132903189, 0.335389701242039, 0.34016184045321046, 0.34137719941655104, 0.3427158023656089, 0.3427158023656089, 0.3427158023656089, 0.3427158023656089, 0.3427158023656089, 0.3427158023656089, 0.3427158023656089, 0.3427158023656089, 0.3427158023656089, 0.3427158023656089, 0.3427158023656089, 0.3427158023656089, 0.3427158023656089, 0.3427158023656089, 0.3427158023656089, 0.3427158023656089, 0.3427158023656089, 0.3427158023656089, 0.3427158023656089, 0.3427158023656089, 0.3427158023656089, 0.3427158023656089, 0.3427158023656089, 0.3427158023656089, 0.3427158023656089, 0.3427158023656089, 0.3427158023656089, 0.3427158023656089, 0.3427158023656089, 0.3427158023656089, 0.3427158023656089, 0.3427158023656089, 0.3427158023656089, 0.3427158023656089, 0.3427158023656089, 0.3427158023656089, 0.3427158023656089, 0.3427158023656089, 0.3427158023656089, 0.3427158023656089, 0.3427158023656089, 0.3427158023656089, 0.3427158023656089, 0.3427158023656089, 0.3427158023656089, 0.3427158023656089, 0.3427158023656089, 0.3427158023656089, 0.3427158023656089, 0.3427158023656089, 0.3427158023656089, 0.3427158023656089, 0.3427158023656089, 0.3427158023656089, 0.3427158023656089, 0.3427158023656089]

listEveGenDiversityMetric1_AllRunsAve:
[0.9899999999999999, 0.881111111111111, 0.7188888888888888, 0.5088888888888888, 0.30444444444444446, 0.15111111111111114, 0.06666666666666671, 0.042222222222222244, 0.040000000000000015, 0.03333333333333333, 0.03333333333333333, 0.03333333333333333, 0.03333333333333333, 0.03333333333333333, 0.03333333333333333, 0.03333333333333333, 0.03333333333333333, 0.03333333333333333, 0.03333333333333333, 0.03333333333333333, 0.03333333333333333, 0.03333333333333333, 0.03333333333333333, 0.03333333333333333, 0.03333333333333333, 0.03333333333333333, 0.03333333333333333, 0.03333333333333333, 0.03333333333333333, 0.03333333333333333, 0.03333333333333333, 0.03333333333333333, 0.03333333333333333, 0.03333333333333333, 0.03333333333333333, 0.03333333333333333, 0.03333333333333333, 0.03333333333333333, 0.03333333333333333, 0.03333333333333333, 0.03333333333333333, 0.03333333333333333, 0.03333333333333333, 0.03333333333333333, 0.03333333333333333, 0.03333333333333333, 0.03333333333333333, 0.03333333333333333, 0.03333333333333333, 0.03333333333333333, 0.03333333333333333, 0.03333333333333333, 0.03333333333333333, 0.03333333333333333, 0.03333333333333333, 0.03333333333333333, 0.03333333333333333, 0.03333333333333333, 0.03333333333333333, 0.03333333333333333, 0.03333333333333333]

listfEveGenProportion_belongToLocalSearchedIndNeighbor_exceptCurrLocalSearchedInd_AllRunsAve:
[0.0, 0.0, 0.0, 0.0, 0.0, 0.0, 0.0, 0.0, 0.0, 0.0, 0.0, 0.0, 0.0, 0.0, 0.0, 0.0, 0.0, 0.0, 0.0, 0.0, 0.0, 0.0, 0.0, 0.0, 0.0, 0.0, 0.0, 0.0, 0.0, 0.0, 0.0, 0.0, 0.0, 0.0, 0.0, 0.0, 0.0, 0.0, 0.0, 0.0, 0.0, 0.0, 0.0, 0.0, 0.0, 0.0, 0.0, 0.0, 0.0, 0.0, 0.0, 0.0, 0.0, 0.0, 0.0, 0.0, 0.0, 0.0, 0.0, 0.0, 0.0]

listiAveDiversityMetric2EveGen:
[2.4727183687849563, 2.4209855991544456, 1.9776752543268592, 1.6894814814814816, 1.475717972431409, 0.9703654379706695, 0.31059708459946267, 0.07477482714581406, 0.08270225040736337, 0.0, 0.0, 0.0, 0.0, 0.0, 0.0, 0.0, 0.0, 0.0, 0.0, 0.0, 0.0, 0.0, 0.0, 0.0, 0.0, 0.0, 0.0, 0.0, 0.0, 0.0, 0.0, 0.0, 0.0, 0.0, 0.0, 0.0, 0.0, 0.0, 0.0, 0.0, 0.0, 0.0, 0.0, 0.0, 0.0, 0.0, 0.0, 0.0, 0.0, 0.0, 0.0, 0.0, 0.0, 0.0, 0.0, 0.0, 0.0, 0.0, 0.0, 0.0, 0.0]

listiAveFitEvaNumByThisGen:
[30, 83, 136, 191, 245, 299, 352, 407, 461, 516, 569, 623, 677, 730, 785, 839, 894, 948, 1002, 1055, 1110, 1165, 1218, 1272, 1326, 1380, 1434, 1488, 1543, 1597, 1652, 1706, 1760, 1813, 1867, 1920, 1975, 2029, 2083, 2137, 2191, 2245, 2299, 2352, 2406, 2461, 2515, 2569, 2623, 2677, 2732, 2785, 2840, 2895, 2950, 3004, 3058, 3111, 3165, 3219, 3272]
------------------------new instance-----------------------------
listiEveGenLocalSearchedIndNum_AllRunsEve:
[0.0, 0.0, 0.0, 0.0, 0.0, 0.0, 0.0, 0.0, 0.0, 0.0, 0.0, 0.0, 0.0, 0.0, 0.0, 0.0, 0.0, 0.0, 0.0, 0.0, 0.0, 0.0, 0.0, 0.0, 0.0, 0.0, 0.0, 0.0, 0.0, 0.0, 0.0, 0.0, 0.0, 0.0, 0.0, 0.0, 0.0, 0.0, 0.0, 0.0, 0.0, 0.0, 0.0, 0.0, 0.0, 0.0, 0.0, 0.0, 0.0, 0.0, 0.0, 0.0, 0.0, 0.0, 0.0, 0.0, 0.0, 0.0, 0.0, 0.0, 0.0]

listfEveGenBestIndFitness_AllRunsAve:
[0.2829840988272941, 0.2922795318397501, 0.3017907039464643, 0.30841570328459217, 0.31154482187321086, 0.3145092899636473, 0.3156218191488732, 0.31612705673017244, 0.3168962646035431, 0.3172131355754704, 0.31753000654739766, 0.31753000654739766, 0.31753000654739766, 0.31753000654739766, 0.31753000654739766, 0.31753000654739766, 0.31753000654739766, 0.31753000654739766, 0.31753000654739766, 0.31753000654739766, 0.31753000654739766, 0.31753000654739766, 0.31753000654739766, 0.31753000654739766, 0.31753000654739766, 0.31753000654739766, 0.31753000654739766, 0.31753000654739766, 0.31753000654739766, 0.31753000654739766, 0.31753000654739766, 0.31753000654739766, 0.31753000654739766, 0.31753000654739766, 0.31753000654739766, 0.31753000654739766, 0.31753000654739766, 0.31753000654739766, 0.31753000654739766, 0.31753000654739766, 0.31753000654739766, 0.31753000654739766, 0.31753000654739766, 0.31753000654739766, 0.31753000654739766, 0.31753000654739766, 0.31753000654739766, 0.31753000654739766, 0.31753000654739766, 0.31753000654739766, 0.31753000654739766, 0.31753000654739766, 0.31753000654739766, 0.31753000654739766, 0.31753000654739766, 0.31753000654739766, 0.31753000654739766, 0.31753000654739766, 0.31753000654739766, 0.31753000654739766, 0.31753000654739766]

listEveGenDiversityMetric1_AllRunsAve:
[0.9899999999999999, 0.8722222222222223, 0.7422222222222223, 0.6288888888888888, 0.4644444444444444, 0.3344444444444445, 0.23333333333333336, 0.16222222222222227, 0.10000000000000003, 0.07222222222222226, 0.06555555555555558, 0.05111111111111114, 0.04444444444444447, 0.040000000000000015, 0.038888888888888896, 0.035555555555555556, 0.035555555555555556, 0.03444444444444444, 0.03333333333333333, 0.03333333333333333, 0.03333333333333333, 0.03333333333333333, 0.03333333333333333, 0.03333333333333333, 0.03333333333333333, 0.03333333333333333, 0.03333333333333333, 0.03333333333333333, 0.03333333333333333, 0.03333333333333333, 0.03333333333333333, 0.03333333333333333, 0.03333333333333333, 0.03333333333333333, 0.03333333333333333, 0.03333333333333333, 0.03333333333333333, 0.03333333333333333, 0.03333333333333333, 0.03333333333333333, 0.03333333333333333, 0.03333333333333333, 0.03333333333333333, 0.03333333333333333, 0.03333333333333333, 0.03333333333333333, 0.03333333333333333, 0.03333333333333333, 0.03333333333333333, 0.03333333333333333, 0.03333333333333333, 0.03333333333333333, 0.03333333333333333, 0.03333333333333333, 0.03333333333333333, 0.03333333333333333, 0.03333333333333333, 0.03333333333333333, 0.03333333333333333, 0.03333333333333333, 0.03333333333333333]

listfEveGenProportion_belongToLocalSearchedIndNeighbor_exceptCurrLocalSearchedInd_AllRunsAve:
[0.0, 0.0, 0.0, 0.0, 0.0, 0.0, 0.0, 0.0, 0.0, 0.0, 0.0, 0.0, 0.0, 0.0, 0.0, 0.0, 0.0, 0.0, 0.0, 0.0, 0.0, 0.0, 0.0, 0.0, 0.0, 0.0, 0.0, 0.0, 0.0, 0.0, 0.0, 0.0, 0.0, 0.0, 0.0, 0.0, 0.0, 0.0, 0.0, 0.0, 0.0, 0.0, 0.0, 0.0, 0.0, 0.0, 0.0, 0.0, 0.0, 0.0, 0.0, 0.0, 0.0, 0.0, 0.0, 0.0, 0.0, 0.0, 0.0, 0.0, 0.0]

listiAveDiversityMetric2EveGen:
[2.469116660060774, 2.5669169859514684, 2.3961854934601665, 2.336531994539129, 2.080625710133439, 1.7460275685911832, 1.354733254062624, 1.0677944246267672, 0.8317967146694851, 0.6521051658079006, 0.5381727220680848, 0.330372131941692, 0.25573365041617124, 0.17547364248910027, 0.14970960496763114, 0.06438754569075616, 0.06441573083190207, 0.033331747919143874, 0.0, 0.0, 0.0, 0.0, 0.0, 0.0, 0.0, 0.0, 0.0, 0.0, 0.0, 0.0, 0.0, 0.0, 0.0, 0.0, 0.0, 0.0, 0.0, 0.0, 0.0, 0.0, 0.0, 0.0, 0.0, 0.0, 0.0, 0.0, 0.0, 0.0, 0.0, 0.0, 0.0, 0.0, 0.0, 0.0, 0.0, 0.0, 0.0, 0.0, 0.0, 0.0, 0.0]

listiAveFitEvaNumByThisGen:
[30, 83, 136, 191, 245, 299, 352, 407, 461, 516, 569, 623, 677, 730, 785, 839, 894, 948, 1002, 1055, 1110, 1165, 1218, 1272, 1326, 1380, 1434, 1488, 1543, 1597, 1652, 1706, 1760, 1813, 1867, 1920, 1975, 2029, 2083, 2137, 2191, 2245, 2299, 2352, 2406, 2461, 2515, 2569, 2623, 2677, 2732, 2785, 2840, 2895, 2950, 3004, 3058, 3111, 3165, 3219, 3272]
------------------------new instance-----------------------------
listiEveGenLocalSearchedIndNum_AllRunsEve:
[0.0, 0.0, 0.0, 0.0, 0.0, 0.0, 0.0, 0.0, 0.0, 0.0, 0.0, 0.0, 0.0, 0.0, 0.0, 0.0, 0.0, 0.0, 0.0, 0.0, 0.0, 0.0, 0.0, 0.0, 0.0, 0.0, 0.0, 0.0, 0.0, 0.0, 0.0, 0.0, 0.0, 0.0, 0.0, 0.0, 0.0, 0.0, 0.0, 0.0, 0.0, 0.0, 0.0, 0.0, 0.0, 0.0, 0.0, 0.0, 0.0, 0.0, 0.0, 0.0, 0.0, 0.0, 0.0, 0.0, 0.0, 0.0, 0.0, 0.0, 0.0]

listfEveGenBestIndFitness_AllRunsAve:
[0.23398610642221884, 0.26615118561003637, 0.289037404425702, 0.30022923344731456, 0.30022923344731456, 0.3007537777632273, 0.3007537777632273, 0.3007537777632273, 0.3007537777632273, 0.3007537777632273, 0.3007537777632273, 0.3007537777632273, 0.3007537777632273, 0.3007537777632273, 0.3007537777632273, 0.3007537777632273, 0.3007537777632273, 0.3007537777632273, 0.3007537777632273, 0.3007537777632273, 0.3007537777632273, 0.3007537777632273, 0.3007537777632273, 0.3007537777632273, 0.3007537777632273, 0.3007537777632273, 0.3007537777632273, 0.3007537777632273, 0.3007537777632273, 0.3007537777632273, 0.3007537777632273, 0.3007537777632273, 0.3007537777632273, 0.3007537777632273, 0.3007537777632273, 0.3007537777632273, 0.3007537777632273, 0.3007537777632273, 0.3007537777632273, 0.3007537777632273, 0.3007537777632273, 0.3007537777632273, 0.3007537777632273, 0.3007537777632273, 0.3007537777632273, 0.3007537777632273, 0.3007537777632273, 0.3007537777632273, 0.3007537777632273, 0.3007537777632273, 0.3007537777632273, 0.3007537777632273, 0.3007537777632273, 0.3007537777632273, 0.3007537777632273, 0.3007537777632273, 0.3007537777632273, 0.3007537777632273, 0.3007537777632273, 0.3007537777632273, 0.3007537777632273]

listEveGenDiversityMetric1_AllRunsAve:
[0.9899999999999999, 0.8733333333333332, 0.7233333333333333, 0.5533333333333332, 0.36666666666666664, 0.18555555555555553, 0.07333333333333338, 0.04111111111111112, 0.03333333333333333, 0.03333333333333333, 0.03333333333333333, 0.03333333333333333, 0.03333333333333333, 0.03333333333333333, 0.03333333333333333, 0.03333333333333333, 0.03333333333333333, 0.03333333333333333, 0.03333333333333333, 0.03333333333333333, 0.03333333333333333, 0.03333333333333333, 0.03333333333333333, 0.03333333333333333, 0.03333333333333333, 0.03333333333333333, 0.03333333333333333, 0.03333333333333333, 0.03333333333333333, 0.03333333333333333, 0.03333333333333333, 0.03333333333333333, 0.03333333333333333, 0.03333333333333333, 0.03333333333333333, 0.03333333333333333, 0.03333333333333333, 0.03333333333333333, 0.03333333333333333, 0.03333333333333333, 0.03333333333333333, 0.03333333333333333, 0.03333333333333333, 0.03333333333333333, 0.03333333333333333, 0.03333333333333333, 0.03333333333333333, 0.03333333333333333, 0.03333333333333333, 0.03333333333333333, 0.03333333333333333, 0.03333333333333333, 0.03333333333333333, 0.03333333333333333, 0.03333333333333333, 0.03333333333333333, 0.03333333333333333, 0.03333333333333333, 0.03333333333333333, 0.03333333333333333, 0.03333333333333333]

listfEveGenProportion_belongToLocalSearchedIndNeighbor_exceptCurrLocalSearchedInd_AllRunsAve:
[0.0, 0.0, 0.0, 0.0, 0.0, 0.0, 0.0, 0.0, 0.0, 0.0, 0.0, 0.0, 0.0, 0.0, 0.0, 0.0, 0.0, 0.0, 0.0, 0.0, 0.0, 0.0, 0.0, 0.0, 0.0, 0.0, 0.0, 0.0, 0.0, 0.0, 0.0, 0.0, 0.0, 0.0, 0.0, 0.0, 0.0, 0.0, 0.0, 0.0, 0.0, 0.0, 0.0, 0.0, 0.0, 0.0, 0.0, 0.0, 0.0, 0.0, 0.0, 0.0, 0.0, 0.0, 0.0, 0.0, 0.0, 0.0, 0.0, 0.0, 0.0]

listiAveDiversityMetric2EveGen:
[2.4717872021843488, 2.4568790240894876, 2.0037637732857707, 1.7448804333465449, 1.6840466816400228, 1.1767733298101908, 0.35811053860043157, 0.09945549830448759, 0.0, 0.0, 0.0, 0.0, 0.0, 0.0, 0.0, 0.0, 0.0, 0.0, 0.0, 0.0, 0.0, 0.0, 0.0, 0.0, 0.0, 0.0, 0.0, 0.0, 0.0, 0.0, 0.0, 0.0, 0.0, 0.0, 0.0, 0.0, 0.0, 0.0, 0.0, 0.0, 0.0, 0.0, 0.0, 0.0, 0.0, 0.0, 0.0, 0.0, 0.0, 0.0, 0.0, 0.0, 0.0, 0.0, 0.0, 0.0, 0.0, 0.0, 0.0, 0.0, 0.0]

listiAveFitEvaNumByThisGen:
[30, 83, 136, 191, 245, 299, 352, 407, 461, 516, 569, 623, 677, 730, 785, 839, 894, 948, 1002, 1055, 1110, 1165, 1218, 1272, 1326, 1380, 1434, 1488, 1543, 1597, 1652, 1706, 1760, 1813, 1867, 1920, 1975, 2029, 2083, 2137, 2191, 2245, 2299, 2352, 2406, 2461, 2515, 2569, 2623, 2677, 2732, 2785, 2840, 2895, 2950, 3004, 3058, 3111, 3165, 3219, 3272]
------------------------new instance-----------------------------
listiEveGenLocalSearchedIndNum_AllRunsEve:
[0.0, 0.0, 0.0, 0.0, 0.0, 0.0, 0.0, 0.0, 0.0, 0.0, 0.0, 0.0, 0.0, 0.0, 0.0, 0.0, 0.0, 0.0, 0.0, 0.0, 0.0, 0.0, 0.0, 0.0, 0.0, 0.0, 0.0, 0.0, 0.0, 0.0, 0.0, 0.0, 0.0, 0.0, 0.0, 0.0, 0.0, 0.0, 0.0, 0.0, 0.0, 0.0, 0.0, 0.0, 0.0, 0.0, 0.0, 0.0, 0.0, 0.0, 0.0, 0.0, 0.0, 0.0, 0.0, 0.0, 0.0, 0.0, 0.0, 0.0, 0.0]

listfEveGenBestIndFitness_AllRunsAve:
[0.2554396010910603, 0.27653732174821577, 0.29453107454209004, 0.3046762060231249, 0.30833211243009784, 0.31157494988130835, 0.31310685583758663, 0.3146082464816972, 0.3148183715291177, 0.31544874667137895, 0.31565887171879936, 0.31586899676621977, 0.31586899676621977, 0.31586899676621977, 0.31586899676621977, 0.31586899676621977, 0.31586899676621977, 0.31586899676621977, 0.31586899676621977, 0.31586899676621977, 0.31586899676621977, 0.31586899676621977, 0.31586899676621977, 0.31586899676621977, 0.31586899676621977, 0.31586899676621977, 0.31586899676621977, 0.31586899676621977, 0.31586899676621977, 0.31586899676621977, 0.31586899676621977, 0.31586899676621977, 0.31586899676621977, 0.31586899676621977, 0.31586899676621977, 0.31586899676621977, 0.31586899676621977, 0.31586899676621977, 0.31586899676621977, 0.31586899676621977, 0.31586899676621977, 0.31586899676621977, 0.31586899676621977, 0.31586899676621977, 0.31586899676621977, 0.31586899676621977, 0.31586899676621977, 0.31586899676621977, 0.31586899676621977, 0.31586899676621977, 0.31586899676621977, 0.31586899676621977, 0.31586899676621977, 0.31586899676621977, 0.31586899676621977, 0.31586899676621977, 0.31586899676621977, 0.31586899676621977, 0.31586899676621977, 0.31586899676621977, 0.31586899676621977]

listEveGenDiversityMetric1_AllRunsAve:
[0.9899999999999999, 0.8966666666666665, 0.7322222222222222, 0.5744444444444444, 0.42444444444444446, 0.2877777777777778, 0.18777777777777777, 0.1488888888888889, 0.09888888888888893, 0.07888888888888893, 0.07111111111111112, 0.06444444444444446, 0.05111111111111112, 0.047777777777777794, 0.045555555555555564, 0.04000000000000001, 0.04000000000000001, 0.035555555555555556, 0.035555555555555556, 0.035555555555555556, 0.03444444444444444, 0.03333333333333333, 0.03333333333333333, 0.03333333333333333, 0.03333333333333333, 0.03333333333333333, 0.03333333333333333, 0.03333333333333333, 0.03333333333333333, 0.03333333333333333, 0.03333333333333333, 0.03333333333333333, 0.03333333333333333, 0.03333333333333333, 0.03333333333333333, 0.03333333333333333, 0.03333333333333333, 0.03333333333333333, 0.03333333333333333, 0.03333333333333333, 0.03333333333333333, 0.03333333333333333, 0.03333333333333333, 0.03333333333333333, 0.03333333333333333, 0.03333333333333333, 0.03333333333333333, 0.03333333333333333, 0.03333333333333333, 0.03333333333333333, 0.03333333333333333, 0.03333333333333333, 0.03333333333333333, 0.03333333333333333, 0.03333333333333333, 0.03333333333333333, 0.03333333333333333, 0.03333333333333333, 0.03333333333333333, 0.03333333333333333, 0.03333333333333333]

listfEveGenProportion_belongToLocalSearchedIndNeighbor_exceptCurrLocalSearchedInd_AllRunsAve:
[0.0, 0.0, 0.0, 0.0, 0.0, 0.0, 0.0, 0.0, 0.0, 0.0, 0.0, 0.0, 0.0, 0.0, 0.0, 0.0, 0.0, 0.0, 0.0, 0.0, 0.0, 0.0, 0.0, 0.0, 0.0, 0.0, 0.0, 0.0, 0.0, 0.0, 0.0, 0.0, 0.0, 0.0, 0.0, 0.0, 0.0, 0.0, 0.0, 0.0, 0.0, 0.0, 0.0, 0.0, 0.0, 0.0, 0.0, 0.0, 0.0, 0.0, 0.0, 0.0, 0.0, 0.0, 0.0, 0.0, 0.0, 0.0, 0.0, 0.0, 0.0]

listiAveDiversityMetric2EveGen:
[2.4700619192319553, 2.4750609063284448, 2.2174053816003876, 1.9652181265688997, 1.8249466684282383, 1.6799559607169599, 1.3377133042674068, 1.312643325846655, 1.2084879552560885, 0.877597569031576, 0.801525873078786, 0.6171531245871317, 0.42134636896111327, 0.3840986479940106, 0.31310591447571234, 0.19011582331439641, 0.17011987492843617, 0.06605469678953625, 0.06665644955300128, 0.05755969524816136, 0.029526753864447083, 0.0, 0.0, 0.0, 0.0, 0.0, 0.0, 0.0, 0.0, 0.0, 0.0, 0.0, 0.0, 0.0, 0.0, 0.0, 0.0, 0.0, 0.0, 0.0, 0.0, 0.0, 0.0, 0.0, 0.0, 0.0, 0.0, 0.0, 0.0, 0.0, 0.0, 0.0, 0.0, 0.0, 0.0, 0.0, 0.0, 0.0, 0.0, 0.0, 0.0]

listiAveFitEvaNumByThisGen:
[30, 83, 136, 191, 245, 299, 352, 407, 461, 516, 569, 623, 677, 730, 785, 839, 894, 948, 1002, 1055, 1110, 1165, 1218, 1272, 1326, 1380, 1434, 1488, 1543, 1597, 1652, 1706, 1760, 1813, 1867, 1920, 1975, 2029, 2083, 2137, 2191, 2245, 2299, 2352, 2406, 2461, 2515, 2569, 2623, 2677, 2732, 2785, 2840, 2895, 2950, 3004, 3058, 3111, 3165, 3219, 3272]
------------------------new instance-----------------------------
