listiEveGenLocalSearchedIndNum_AllRunsEve:
[0.0, 9.966666666666667, 19.833333333333332, 28.966666666666665, 36.63333333333333, 42.266666666666666, 45.733333333333334, 47.56666666666667, 48.36666666666667, 48.56666666666667, 48.6, 48.733333333333334, 48.8, 48.86666666666667, 48.9, 49.0, 49.03333333333333, 49.03333333333333, 49.03333333333333, 49.03333333333333, 49.03333333333333, 49.03333333333333, 49.03333333333333, 49.03333333333333, 49.03333333333333, 49.03333333333333, 49.03333333333333, 49.03333333333333, 49.03333333333333, 49.03333333333333, 49.03333333333333, 49.03333333333333, 49.06666666666667, 49.06666666666667, 49.06666666666667, 49.06666666666667, 49.06666666666667, 49.1, 49.1, 49.1, 49.1, 49.1, 49.1, 49.1, 49.1, 49.1, 49.1, 49.1, 49.1, 49.1, 49.1]

listfEveGenBestIndFitness_AllRunsAve:
[0.08590204802407858, 0.11020075612340173, 0.14703537002578201, 0.1719514879822506, 0.1822205346446238, 0.1851396047236615, 0.18743857824533625, 0.18773147116139052, 0.18773147116139052, 0.18773147116139052, 0.18773147116139052, 0.18781101367505648, 0.18781101367505648, 0.18789055618872247, 0.18789055618872247, 0.18797009870238843, 0.18797009870238843, 0.18797009870238843, 0.18797009870238843, 0.18797009870238843, 0.18797009870238843, 0.18797009870238843, 0.18797009870238843, 0.18797009870238843, 0.18797009870238843, 0.18797009870238843, 0.18797009870238843, 0.18797009870238843, 0.18797009870238843, 0.18797009870238843, 0.18797009870238843, 0.18797009870238843, 0.18804964121605441, 0.18804964121605441, 0.18804964121605441, 0.18804964121605441, 0.18804964121605441, 0.18812918372972037, 0.18812918372972037, 0.18812918372972037, 0.18812918372972037, 0.18812918372972037, 0.18812918372972037, 0.18812918372972037, 0.18812918372972037, 0.18812918372972037, 0.18812918372972037, 0.18812918372972037, 0.18812918372972037, 0.18812918372972037, 0.18812918372972037]

listEveGenDiversityMetric1_AllRunsAve:
[1.0, 0.9993333333333333, 0.9253333333333335, 0.8866666666666668, 0.7859999999999999, 0.695333333333333, 0.5986666666666665, 0.516, 0.4713333333333333, 0.4353333333333334, 0.40000000000000013, 0.3686666666666667, 0.3413333333333334, 0.31399999999999995, 0.28800000000000003, 0.27266666666666667, 0.25066666666666665, 0.23333333333333334, 0.21466666666666667, 0.19599999999999992, 0.18333333333333332, 0.1733333333333333, 0.16133333333333336, 0.15133333333333338, 0.1373333333333334, 0.12800000000000006, 0.12266666666666672, 0.11466666666666671, 0.10600000000000005, 0.0966666666666667, 0.08800000000000002, 0.08200000000000003, 0.07400000000000002, 0.06866666666666668, 0.06200000000000003, 0.057333333333333354, 0.05266666666666668, 0.047333333333333345, 0.04266666666666668, 0.040000000000000015, 0.03733333333333334, 0.03666666666666669, 0.034666666666666686, 0.032000000000000015, 0.030000000000000013, 0.028666666666666674, 0.02800000000000001, 0.02800000000000001, 0.02800000000000001, 0.027333333333333338, 0.02600000000000001]

listfEveGenProportion_belongToLocalSearchedIndNeighbor_exceptCurrLocalSearchedInd_AllRunsAve:
[0.0, 0.0, 0.010000000000000002, 0.06733333333333334, 0.25999999999999995, 0.5406666666666666, 0.7633333333333332, 0.8953333333333333, 0.9593333333333335, 0.9746666666666667, 0.9733333333333335, 0.9666666666666669, 0.9740000000000001, 0.9706666666666668, 0.9706666666666667, 0.9660000000000001, 0.9733333333333334, 0.9740000000000001, 0.9753333333333335, 0.9773333333333335, 0.9740000000000001, 0.9693333333333334, 0.9693333333333334, 0.9726666666666668, 0.9780000000000002, 0.9760000000000002, 0.9753333333333335, 0.9766666666666668, 0.9860000000000002, 0.9893333333333334, 0.9926666666666668, 0.9920000000000002, 0.9920000000000002, 0.9960000000000001, 0.9960000000000001, 0.9960000000000001, 0.9966666666666667, 0.9979999999999999, 1.0, 1.0, 1.0, 1.0, 1.0, 1.0, 1.0, 1.0, 1.0, 1.0, 1.0, 1.0, 1.0]

listiAveDiversityMetric2EveGen:
[7.504348654727197, 19.541281532694715, 7.301954230181869, 4.199618247952242, 2.7979839511314726, 2.412939852839096, 2.110395690684437, 1.9418835929473832, 1.896482243509649, 1.8616992253227822, 1.837416898514508, 1.8329955407469116, 1.79934742746078, 1.7986710870470637, 1.7875722448979594, 1.7774250950992643, 1.8006280494238511, 1.7532376620852426, 1.7088037317784257, 1.707473885880883, 1.648073924753575, 1.6019957906427882, 1.5691226433430514, 1.5463342718311812, 1.496341946411217, 1.467721427183118, 1.455896576426489, 1.4600486241843678, 1.411882915451895, 1.3351274302374017, 1.2459316173816466, 1.1922023601277245, 1.1346467860613632, 1.1004336637512147, 1.0510136332083853, 1.0109808912952938, 0.9509652755796195, 0.8481771706233513, 0.7954171983895598, 0.7276221574344023, 0.6420945050673331, 0.5807256754130223, 0.487448540885742, 0.38874362349021246, 0.34704410939886166, 0.31872319866722193, 0.3085146522282382, 0.30041420519228096, 0.29199913369429403, 0.2690750853810912, 0.2349005247813411]

listiAveFitEvaNumByThisGen:
[50, 439, 825, 1188, 1508, 1767, 1960, 2104, 2218, 2314, 2405, 2500, 2592, 2683, 2775, 2867, 2957, 3047, 3137, 3227, 3317, 3406, 3496, 3586, 3678, 3767, 3858, 3947, 4036, 4126, 4216, 4306, 4397, 4488, 4579, 4670, 4760, 4851, 4941, 5031, 5118, 5208, 5297, 5386, 5475, 5566, 5655, 5745, 5834, 5924, 6014]
------------------------new instance-----------------------------
listiEveGenLocalSearchedIndNum_AllRunsEve:
[0.0, 9.966666666666667, 19.9, 29.2, 37.233333333333334, 43.63333333333333, 47.3, 49.6, 50.96666666666667, 51.6, 51.8, 51.93333333333333, 52.1, 52.266666666666666, 52.36666666666667, 52.36666666666667, 52.36666666666667, 52.36666666666667, 52.36666666666667, 52.36666666666667, 52.36666666666667, 52.36666666666667, 52.4, 52.4, 52.4, 52.4, 52.4, 52.4, 52.4, 52.4, 52.4, 52.4, 52.4, 52.4, 52.4, 52.4, 52.4, 52.4, 52.4, 52.4, 52.4, 52.4, 52.4, 52.4, 52.4, 52.4, 52.43333333333333, 52.43333333333333, 52.43333333333333, 52.43333333333333, 52.43333333333333]

listfEveGenBestIndFitness_AllRunsAve:
[0.09399996201147033, 0.11625875528072688, 0.14650425824811422, 0.16759485522776654, 0.17729614320437156, 0.1806504177654243, 0.1824054067967507, 0.18307683826936355, 0.18349935696780575, 0.18349935696780575, 0.18349935696780575, 0.1836725550241184, 0.1836725550241184, 0.1837521407798615, 0.1837521407798615, 0.1837521407798615, 0.1837521407798615, 0.1837521407798615, 0.1837521407798615, 0.1837521407798615, 0.1837521407798615, 0.1837521407798615, 0.1837521407798615, 0.1837521407798615, 0.1837521407798615, 0.1837521407798615, 0.1837521407798615, 0.1837521407798615, 0.1837521407798615, 0.1837521407798615, 0.1837521407798615, 0.1837521407798615, 0.1837521407798615, 0.1837521407798615, 0.1837521407798615, 0.1837521407798615, 0.1837521407798615, 0.1837521407798615, 0.1837521407798615, 0.1837521407798615, 0.1837521407798615, 0.1837521407798615, 0.1837521407798615, 0.1837521407798615, 0.1837521407798615, 0.1837521407798615, 0.18379193365773303, 0.18379193365773303, 0.18379193365773303, 0.18379193365773303, 0.18379193365773303]

listEveGenDiversityMetric1_AllRunsAve:
[1.0, 0.9973333333333334, 0.9299999999999999, 0.9066666666666668, 0.8180000000000001, 0.7100000000000002, 0.6259999999999999, 0.564, 0.5100000000000001, 0.4706666666666667, 0.43733333333333346, 0.40200000000000014, 0.3746666666666668, 0.3466666666666667, 0.32333333333333336, 0.30066666666666664, 0.28066666666666673, 0.25800000000000006, 0.24000000000000005, 0.2126666666666667, 0.1953333333333334, 0.18666666666666668, 0.1726666666666667, 0.16133333333333336, 0.14800000000000008, 0.13533333333333342, 0.12866666666666673, 0.12266666666666673, 0.11466666666666672, 0.10600000000000005, 0.09866666666666671, 0.09333333333333337, 0.08400000000000003, 0.07933333333333335, 0.07466666666666669, 0.06933333333333334, 0.06733333333333337, 0.06333333333333337, 0.058666666666666686, 0.05400000000000002, 0.05133333333333335, 0.04866666666666668, 0.04400000000000001, 0.04400000000000002, 0.04266666666666668, 0.04066666666666668, 0.038666666666666676, 0.036666666666666674, 0.03600000000000001, 0.03400000000000001, 0.03266666666666667]

listfEveGenProportion_belongToLocalSearchedIndNeighbor_exceptCurrLocalSearchedInd_AllRunsAve:
[0.0, 0.0, 0.004666666666666667, 0.04333333333333334, 0.242, 0.48199999999999993, 0.7606666666666669, 0.8586666666666668, 0.9346666666666666, 0.9646666666666667, 0.9780000000000001, 0.9773333333333335, 0.9766666666666667, 0.9826666666666667, 0.9833333333333333, 0.9866666666666668, 0.9866666666666668, 0.9880000000000001, 0.9866666666666667, 0.9886666666666668, 0.9893333333333334, 0.9926666666666667, 0.9933333333333335, 0.9953333333333334, 0.9946666666666668, 0.9973333333333334, 0.9973333333333334, 0.9973333333333334, 0.9973333333333334, 0.998, 0.998, 0.998, 0.998, 0.998, 0.998, 0.9986666666666667, 0.9986666666666667, 0.998, 0.998, 0.998, 0.998, 0.998, 0.9986666666666667, 0.9973333333333334, 0.9973333333333334, 0.9986666666666667, 0.998, 0.9986666666666667, 0.998, 0.9986666666666667, 0.9993333333333333]

listiAveDiversityMetric2EveGen:
[7.504348654727197, 20.435951331389695, 8.124900758017493, 4.691728490906566, 3.598884820213799, 2.9856932944606416, 2.6774971761765927, 2.459238428432598, 2.3416324087185894, 2.3079669693183407, 2.291504139941691, 2.288699353047341, 2.296416226572261, 2.2501737165070117, 2.171422351797862, 2.125437423295849, 2.03943850062474, 1.9751861613216708, 1.9229911092600307, 1.8870050367902265, 1.8287530417881437, 1.7845694960433152, 1.6971057614882687, 1.6275948132722478, 1.561969801471609, 1.5068474357906427, 1.4616010440094407, 1.421374782729418, 1.3595091822851586, 1.2979252422601695, 1.236201360544218, 1.1813518589476608, 1.122341068999028, 1.0979644703595723, 1.0784244342635012, 1.0509827127585727, 1.0189751603498542, 0.9835453894210746, 0.9450689768152158, 0.8956693822018603, 0.8617058447868945, 0.8228415937803694, 0.7819695571289741, 0.7601321671525751, 0.7275520533111204, 0.6346807941135637, 0.5468168707482992, 0.4941825350548382, 0.4522595585172845, 0.38482916562543384, 0.3547132694710537]

listiAveFitEvaNumByThisGen:
[50, 439, 827, 1195, 1526, 1808, 2007, 2165, 2296, 2405, 2501, 2596, 2691, 2785, 2879, 2968, 3057, 3147, 3237, 3327, 3417, 3506, 3597, 3687, 3779, 3868, 3959, 4048, 4137, 4227, 4317, 4407, 4497, 4588, 4679, 4770, 4860, 4950, 5040, 5130, 5217, 5307, 5396, 5485, 5574, 5665, 5755, 5845, 5934, 6024, 6114]
------------------------new instance-----------------------------
listiEveGenLocalSearchedIndNum_AllRunsEve:
[0.0, 9.966666666666667, 19.6, 28.333333333333332, 35.7, 41.333333333333336, 44.86666666666667, 47.3, 48.36666666666667, 48.86666666666667, 49.233333333333334, 49.4, 49.6, 49.7, 49.733333333333334, 49.766666666666666, 49.766666666666666, 49.766666666666666, 49.86666666666667, 49.93333333333333, 50.0, 50.03333333333333, 50.06666666666667, 50.06666666666667, 50.06666666666667, 50.1, 50.1, 50.1, 50.1, 50.1, 50.1, 50.1, 50.1, 50.1, 50.1, 50.1, 50.1, 50.1, 50.1, 50.1, 50.1, 50.1, 50.1, 50.1, 50.1, 50.1, 50.1, 50.1, 50.1, 50.1, 50.1]

listfEveGenBestIndFitness_AllRunsAve:
[0.09951996261611559, 0.1276167388055939, 0.16316939839330522, 0.18536624219758785, 0.19871578980679694, 0.20266942000440802, 0.20559569479031312, 0.2067769311402817, 0.2072193175920939, 0.20750064106476973, 0.20750064106476973, 0.207557307420504, 0.20776454653089055, 0.20776454653089055, 0.2078890472971958, 0.2078890472971958, 0.2078890472971958, 0.2078890472971958, 0.20827745352962182, 0.20827745352962182, 0.20827745352962182, 0.20840195429592706, 0.20840195429592706, 0.20840195429592706, 0.20840195429592706, 0.2085264550622323, 0.2085264550622323, 0.2085264550622323, 0.2085264550622323, 0.2085264550622323, 0.2085264550622323, 0.2085264550622323, 0.2085264550622323, 0.2085264550622323, 0.2085264550622323, 0.2085264550622323, 0.2085264550622323, 0.2085264550622323, 0.2085264550622323, 0.2085264550622323, 0.2085264550622323, 0.2085264550622323, 0.2085264550622323, 0.2085264550622323, 0.2085264550622323, 0.2085264550622323, 0.2085264550622323, 0.2085264550622323, 0.2085264550622323, 0.2085264550622323, 0.2085264550622323]

listEveGenDiversityMetric1_AllRunsAve:
[1.0, 0.9993333333333333, 0.9306666666666669, 0.8573333333333334, 0.8046666666666668, 0.7073333333333335, 0.6473333333333332, 0.5773333333333334, 0.5266666666666667, 0.48066666666666674, 0.4400000000000001, 0.4006666666666668, 0.37133333333333346, 0.3373333333333333, 0.31066666666666676, 0.2866666666666667, 0.26733333333333326, 0.25199999999999995, 0.22999999999999995, 0.21466666666666664, 0.19733333333333333, 0.18599999999999997, 0.17000000000000004, 0.15600000000000006, 0.1413333333333334, 0.13133333333333339, 0.12466666666666673, 0.11533333333333338, 0.10933333333333338, 0.0986666666666667, 0.09333333333333337, 0.08800000000000004, 0.0806666666666667, 0.0786666666666667, 0.07533333333333338, 0.0726666666666667, 0.06733333333333337, 0.0626666666666667, 0.060666666666666695, 0.05800000000000003, 0.05266666666666669, 0.051333333333333356, 0.049333333333333354, 0.0466666666666667, 0.044666666666666695, 0.044000000000000025, 0.04066666666666669, 0.03800000000000002, 0.03733333333333335, 0.036666666666666674, 0.03600000000000001]

listfEveGenProportion_belongToLocalSearchedIndNeighbor_exceptCurrLocalSearchedInd_AllRunsAve:
[0.0, 0.0, 0.016000000000000004, 0.09000000000000002, 0.29, 0.5399999999999999, 0.734, 0.8426666666666667, 0.9200000000000002, 0.952666666666667, 0.9653333333333335, 0.9726666666666669, 0.9700000000000002, 0.9753333333333335, 0.9786666666666668, 0.9780000000000001, 0.978, 0.9746666666666667, 0.9753333333333333, 0.9793333333333333, 0.9833333333333336, 0.9866666666666668, 0.9893333333333334, 0.9900000000000001, 0.9906666666666666, 0.9913333333333334, 0.9926666666666666, 0.9926666666666666, 0.9926666666666666, 0.996, 0.9953333333333333, 0.9953333333333333, 0.9953333333333333, 0.9993333333333333, 1.0, 1.0, 1.0, 1.0, 1.0, 1.0, 1.0, 1.0, 1.0, 1.0, 1.0, 1.0, 1.0, 1.0, 1.0, 1.0, 1.0]

listiAveDiversityMetric2EveGen:
[7.504348654727197, 20.23798945994724, 7.284315268638068, 4.315222523948354, 3.343311042621131, 2.683721693738719, 2.3176502235179783, 2.2202580924614748, 2.1316622074135783, 2.170497670415105, 2.0556801777037346, 2.022687702346244, 2.0170694210745523, 1.9484257559350273, 1.9125758933777595, 1.8126180758017492, 1.738584212133833, 1.6803544300985707, 1.6364207358045255, 1.5540933499930583, 1.4926370012494792, 1.398467793974733, 1.3711593502707207, 1.3524781563237542, 1.3008529112869636, 1.2686253616548657, 1.2831131917256697, 1.2913901874219078, 1.2783480660835762, 1.2856303651256424, 1.2879035512980705, 1.324686358461752, 1.3323279744550878, 1.3444217798139664, 1.3559409801471607, 1.36626227960572, 1.3602874357906427, 1.3532561432736359, 1.2914255504650838, 1.2381027905039566, 1.2070795390809388, 1.22123879494655, 1.236607235873941, 1.251551853394419, 1.2504956712480912, 1.2693369762598914, 1.2762653783145912, 1.2428375288074414, 1.2564280438706095, 1.2520463140358185, 1.2389327557961962]

listiAveFitEvaNumByThisGen:
[50, 439, 818, 1169, 1480, 1739, 1934, 2096, 2218, 2323, 2424, 2520, 2616, 2708, 2800, 2890, 2979, 3069, 3162, 3254, 3346, 3436, 3527, 3617, 3709, 3799, 3890, 3979, 4068, 4158, 4248, 4338, 4428, 4519, 4610, 4701, 4791, 4881, 4971, 5061, 5148, 5238, 5327, 5416, 5505, 5596, 5685, 5775, 5864, 5954, 6044]
------------------------new instance-----------------------------
listiEveGenLocalSearchedIndNum_AllRunsEve:
[0.0, 9.966666666666667, 19.7, 29.033333333333335, 36.333333333333336, 41.86666666666667, 45.2, 46.9, 48.0, 48.43333333333333, 48.766666666666666, 48.86666666666667, 48.93333333333333, 49.06666666666667, 49.166666666666664, 49.2, 49.2, 49.233333333333334, 49.266666666666666, 49.266666666666666, 49.3, 49.3, 49.333333333333336, 49.333333333333336, 49.333333333333336, 49.333333333333336, 49.333333333333336, 49.333333333333336, 49.333333333333336, 49.333333333333336, 49.333333333333336, 49.333333333333336, 49.333333333333336, 49.333333333333336, 49.333333333333336, 49.333333333333336, 49.333333333333336, 49.333333333333336, 49.333333333333336, 49.333333333333336, 49.333333333333336, 49.333333333333336, 49.333333333333336, 49.333333333333336, 49.333333333333336, 49.333333333333336, 49.333333333333336, 49.333333333333336, 49.333333333333336, 49.333333333333336, 49.333333333333336]

listfEveGenBestIndFitness_AllRunsAve:
[0.08630556032394474, 0.1111333234934203, 0.15174489075804604, 0.1755557830665174, 0.18398460556960228, 0.188792404842313, 0.19000923467591502, 0.19108238549788578, 0.19152706129802213, 0.19170775002060106, 0.19170775002060106, 0.19170775002060106, 0.19170775002060106, 0.19170775002060106, 0.19173113278946935, 0.1917977050230836, 0.1917977050230836, 0.1917977050230836, 0.1917977050230836, 0.1917977050230836, 0.19185778352473382, 0.19185778352473382, 0.19192435575834807, 0.19192435575834807, 0.19192435575834807, 0.19192435575834807, 0.19192435575834807, 0.19192435575834807, 0.19192435575834807, 0.19192435575834807, 0.19192435575834807, 0.19192435575834807, 0.19192435575834807, 0.19192435575834807, 0.19192435575834807, 0.19192435575834807, 0.19192435575834807, 0.19192435575834807, 0.19192435575834807, 0.19192435575834807, 0.19192435575834807, 0.19192435575834807, 0.19192435575834807, 0.19192435575834807, 0.19192435575834807, 0.19192435575834807, 0.19192435575834807, 0.19192435575834807, 0.19192435575834807, 0.19192435575834807, 0.19192435575834807]

listEveGenDiversityMetric1_AllRunsAve:
[1.0, 0.9986666666666667, 0.9400000000000001, 0.8493333333333333, 0.7600000000000001, 0.6806666666666668, 0.5953333333333333, 0.5533333333333333, 0.5133333333333334, 0.48066666666666674, 0.44333333333333336, 0.4093333333333334, 0.38266666666666677, 0.35933333333333345, 0.3386666666666667, 0.31866666666666654, 0.30066666666666664, 0.2800000000000001, 0.25799999999999995, 0.23133333333333334, 0.22066666666666668, 0.20600000000000002, 0.1953333333333334, 0.18400000000000002, 0.1753333333333333, 0.1686666666666667, 0.16266666666666668, 0.15333333333333335, 0.14266666666666675, 0.1333333333333334, 0.12733333333333338, 0.11933333333333339, 0.10733333333333338, 0.09466666666666672, 0.08866666666666671, 0.08600000000000005, 0.0806666666666667, 0.07600000000000004, 0.07200000000000004, 0.06733333333333337, 0.06400000000000003, 0.06000000000000001, 0.054000000000000006, 0.05200000000000001, 0.05066666666666668, 0.047333333333333345, 0.04466666666666667, 0.043333333333333335, 0.042, 0.042, 0.04133333333333333]

listfEveGenProportion_belongToLocalSearchedIndNeighbor_exceptCurrLocalSearchedInd_AllRunsAve:
[0.0, 0.0, 0.009333333333333332, 0.07066666666666668, 0.2813333333333334, 0.5726666666666667, 0.7833333333333333, 0.9146666666666668, 0.9253333333333337, 0.9680000000000002, 0.9706666666666668, 0.9740000000000003, 0.9700000000000004, 0.968666666666667, 0.9693333333333336, 0.9673333333333336, 0.9693333333333335, 0.9673333333333337, 0.9720000000000002, 0.9773333333333335, 0.9760000000000002, 0.9780000000000001, 0.9766666666666668, 0.9813333333333335, 0.9786666666666669, 0.9773333333333336, 0.9746666666666669, 0.9720000000000001, 0.9706666666666668, 0.9706666666666668, 0.9686666666666669, 0.9720000000000002, 0.9753333333333335, 0.9813333333333335, 0.9806666666666667, 0.9813333333333334, 0.9813333333333334, 0.9806666666666667, 0.9813333333333335, 0.9866666666666667, 0.9860000000000001, 0.9860000000000001, 0.9893333333333334, 0.9920000000000001, 0.9920000000000002, 0.9933333333333335, 0.9933333333333335, 0.9940000000000001, 0.9953333333333334, 0.9953333333333334, 0.9953333333333334]

listiAveDiversityMetric2EveGen:
[7.504348654727197, 19.73308241566014, 7.351464534221852, 3.6524245564348186, 2.7167751214771627, 2.5251256420935717, 2.49612856865195, 2.4334463306955434, 2.4393236151603497, 2.4034749965292246, 2.3452833319450224, 2.3520841427183123, 2.2521309454394003, 2.212988410384562, 2.1927213883104257, 2.231746016937387, 2.2304861863112593, 2.2266899902818267, 2.1068219797306678, 2.0107758656115506, 2.005031059280855, 1.9884426822157437, 2.0053072108843533, 2.0032344745245036, 1.8860130056920723, 1.8299093599888936, 1.7910770956545883, 1.7632806774954883, 1.6950575482437877, 1.6548657614882687, 1.601613461057892, 1.5437115424128833, 1.4301541468832428, 1.3080188143828964, 1.2842986533388865, 1.2629339552964043, 1.2204630292933496, 1.1448536443148687, 1.0988131833958075, 1.047257331667361, 1.0075118478411773, 0.9459338608912955, 0.8888900735804526, 0.8605687185894766, 0.8315747549632099, 0.7735980230459529, 0.7198582812716923, 0.6995286186311257, 0.6745692405941969, 0.6579948132722476, 0.6225939192003331]

listiAveFitEvaNumByThisGen:
[50, 439, 821, 1190, 1499, 1755, 1944, 2084, 2207, 2310, 2410, 2504, 2596, 2689, 2783, 2873, 2962, 3053, 3144, 3234, 3325, 3414, 3505, 3595, 3687, 3776, 3867, 3956, 4045, 4135, 4225, 4315, 4405, 4496, 4587, 4678, 4768, 4858, 4948, 5038, 5125, 5215, 5304, 5393, 5482, 5573, 5662, 5752, 5841, 5931, 6021]
------------------------new instance-----------------------------
listiEveGenLocalSearchedIndNum_AllRunsEve:
[0.0, 9.966666666666667, 19.666666666666668, 29.0, 36.56666666666667, 41.96666666666667, 45.53333333333333, 47.1, 47.8, 48.03333333333333, 48.1, 48.166666666666664, 48.2, 48.2, 48.2, 48.2, 48.2, 48.2, 48.2, 48.2, 48.2, 48.2, 48.2, 48.2, 48.233333333333334, 48.233333333333334, 48.233333333333334, 48.233333333333334, 48.233333333333334, 48.233333333333334, 48.233333333333334, 48.233333333333334, 48.233333333333334, 48.233333333333334, 48.233333333333334, 48.233333333333334, 48.233333333333334, 48.233333333333334, 48.233333333333334, 48.233333333333334, 48.233333333333334, 48.233333333333334, 48.233333333333334, 48.233333333333334, 48.233333333333334, 48.233333333333334, 48.233333333333334, 48.233333333333334, 48.233333333333334, 48.233333333333334, 48.233333333333334]

listfEveGenBestIndFitness_AllRunsAve:
[0.0906218427951668, 0.11395120631694153, 0.15113236835643787, 0.17605756096909828, 0.18387025298457205, 0.18783485296302863, 0.1886717142708999, 0.18935937363090302, 0.1896025947502634, 0.1896025947502634, 0.1896025947502634, 0.18968366845671683, 0.18968366845671683, 0.18968366845671683, 0.18968366845671683, 0.18968366845671683, 0.18968366845671683, 0.18968366845671683, 0.18968366845671683, 0.18968366845671683, 0.18968366845671683, 0.18968366845671683, 0.18968366845671683, 0.18968366845671683, 0.18968366845671683, 0.18968366845671683, 0.18968366845671683, 0.18968366845671683, 0.18968366845671683, 0.18968366845671683, 0.18968366845671683, 0.18968366845671683, 0.18968366845671683, 0.18968366845671683, 0.18968366845671683, 0.18968366845671683, 0.18968366845671683, 0.18968366845671683, 0.18968366845671683, 0.18968366845671683, 0.18968366845671683, 0.18968366845671683, 0.18968366845671683, 0.18968366845671683, 0.18968366845671683, 0.18968366845671683, 0.18968366845671683, 0.18968366845671683, 0.18968366845671683, 0.18968366845671683, 0.18968366845671683]

listEveGenDiversityMetric1_AllRunsAve:
[1.0, 0.9979999999999999, 0.9353333333333335, 0.872, 0.7713333333333333, 0.6313333333333334, 0.5260000000000001, 0.4813333333333334, 0.4393333333333335, 0.40466666666666684, 0.3813333333333334, 0.35800000000000004, 0.34133333333333327, 0.32333333333333336, 0.2940000000000001, 0.272, 0.25333333333333335, 0.234, 0.22266666666666668, 0.20333333333333334, 0.18600000000000003, 0.17200000000000004, 0.16333333333333339, 0.1546666666666667, 0.1413333333333334, 0.13000000000000006, 0.12200000000000007, 0.11800000000000006, 0.10866666666666672, 0.10666666666666672, 0.10066666666666671, 0.0933333333333334, 0.08933333333333339, 0.08466666666666671, 0.07933333333333338, 0.07466666666666669, 0.07266666666666668, 0.06933333333333337, 0.06600000000000003, 0.06400000000000003, 0.06066666666666669, 0.058666666666666686, 0.05666666666666669, 0.052000000000000025, 0.050666666666666686, 0.05000000000000002, 0.047333333333333345, 0.04400000000000001, 0.04333333333333334, 0.04066666666666668, 0.038666666666666676]

listfEveGenProportion_belongToLocalSearchedIndNeighbor_exceptCurrLocalSearchedInd_AllRunsAve:
[0.0, 0.0, 0.010666666666666666, 0.05266666666666668, 0.2506666666666667, 0.5253333333333334, 0.7993333333333336, 0.9346666666666666, 0.9673333333333337, 0.9780000000000001, 0.9880000000000001, 0.9820000000000001, 0.9813333333333335, 0.974666666666667, 0.9760000000000004, 0.9740000000000002, 0.9726666666666669, 0.9720000000000001, 0.9700000000000002, 0.9713333333333336, 0.9746666666666669, 0.9820000000000003, 0.9866666666666668, 0.9873333333333335, 0.9880000000000001, 0.9893333333333334, 0.9906666666666667, 0.9920000000000002, 0.9933333333333335, 0.9933333333333335, 0.9946666666666667, 0.996, 0.996, 0.996, 0.9973333333333334, 0.9993333333333333, 0.9993333333333333, 0.9993333333333333, 1.0, 1.0, 1.0, 1.0, 1.0, 1.0, 1.0, 1.0, 1.0, 1.0, 1.0, 1.0, 1.0]

listiAveDiversityMetric2EveGen:
[7.504348654727197, 17.90498474524504, 8.53976745245037, 3.7730406997084547, 2.522691722893239, 2.1384640844092737, 2.08284752464251, 2.0839596834652228, 2.095590748299321, 2.1117033236151603, 2.0851289740385948, 2.112686736082188, 2.087495010412328, 2.068747799527974, 2.0676555435235313, 2.0713306344578655, 2.0804400832986256, 2.1110404886852705, 2.135650501180064, 2.1480830098570034, 2.113195590726087, 2.1090053366652786, 2.102117984173261, 2.124613233374982, 2.1079756323753993, 2.1122872580869085, 2.1026605136748575, 2.110772244897959, 2.042440094405109, 2.069198722754408, 2.0251686241843676, 1.9846337803692904, 2.000881410523393, 1.9768471581285576, 1.9544721255032629, 1.9035137137303897, 1.865035790642788, 1.848629915313064, 1.7688432486463976, 1.70152534221852, 1.6752797445508816, 1.6218936332083855, 1.5569434513397198, 1.5328513563792865, 1.550671398028599, 1.4944704595307507, 1.3873112869637647, 1.3313316784673048, 1.347140291545189, 1.3318026822157434, 1.3440451367485768]

listiAveFitEvaNumByThisGen:
[50, 439, 820, 1189, 1506, 1758, 1954, 2090, 2201, 2298, 2390, 2483, 2574, 2663, 2754, 2843, 2932, 3022, 3112, 3202, 3292, 3381, 3471, 3561, 3654, 3743, 3834, 3923, 4012, 4102, 4192, 4282, 4372, 4463, 4554, 4645, 4735, 4825, 4915, 5005, 5092, 5182, 5271, 5360, 5449, 5540, 5629, 5719, 5808, 5898, 5988]
------------------------new instance-----------------------------
listiEveGenLocalSearchedIndNum_AllRunsEve:
[0.0, 9.966666666666667, 19.8, 29.1, 36.733333333333334, 42.2, 45.833333333333336, 47.36666666666667, 48.0, 48.266666666666666, 48.3, 48.3, 48.3, 48.3, 48.3, 48.333333333333336, 48.36666666666667, 48.36666666666667, 48.36666666666667, 48.36666666666667, 48.4, 48.5, 48.5, 48.5, 48.5, 48.5, 48.5, 48.5, 48.5, 48.5, 48.5, 48.5, 48.5, 48.5, 48.5, 48.5, 48.5, 48.5, 48.5, 48.5, 48.5, 48.5, 48.5, 48.5, 48.5, 48.53333333333333, 48.53333333333333, 48.53333333333333, 48.53333333333333, 48.53333333333333, 48.53333333333333]

listfEveGenBestIndFitness_AllRunsAve:
[0.0954296053646251, 0.12243029797611113, 0.16491122428936353, 0.1956561147095473, 0.21461905559755354, 0.21965068079370112, 0.22086468659192302, 0.22116694564718611, 0.22140052642638347, 0.22140052642638347, 0.22140052642638347, 0.22140052642638347, 0.22140052642638347, 0.22140052642638347, 0.22140052642638347, 0.22145834792334157, 0.22145834792334157, 0.22145834792334157, 0.22145834792334157, 0.22145834792334157, 0.2216844192696364, 0.2216844192696364, 0.2216844192696364, 0.2216844192696364, 0.2216844192696364, 0.2216844192696364, 0.2216844192696364, 0.2216844192696364, 0.2216844192696364, 0.2216844192696364, 0.2216844192696364, 0.2216844192696364, 0.2216844192696364, 0.2216844192696364, 0.2216844192696364, 0.2216844192696364, 0.2216844192696364, 0.2216844192696364, 0.2216844192696364, 0.2216844192696364, 0.2216844192696364, 0.2216844192696364, 0.2216844192696364, 0.2216844192696364, 0.2216844192696364, 0.2217422407665945, 0.2217422407665945, 0.2217422407665945, 0.2217422407665945, 0.2217422407665945, 0.2217422407665945]

listEveGenDiversityMetric1_AllRunsAve:
[1.0, 0.9960000000000001, 0.9233333333333336, 0.8866666666666667, 0.7799999999999998, 0.6506666666666666, 0.538, 0.46333333333333343, 0.40066666666666684, 0.3673333333333334, 0.3453333333333333, 0.31466666666666676, 0.29000000000000004, 0.26066666666666666, 0.23666666666666672, 0.21866666666666665, 0.2006666666666667, 0.18533333333333335, 0.17133333333333337, 0.16333333333333336, 0.1506666666666667, 0.1433333333333334, 0.1333333333333334, 0.12533333333333338, 0.11800000000000006, 0.11266666666666672, 0.1046666666666667, 0.10066666666666671, 0.09466666666666669, 0.08800000000000004, 0.08000000000000004, 0.0766666666666667, 0.07200000000000004, 0.06733333333333337, 0.060000000000000026, 0.056666666666666685, 0.05333333333333335, 0.05200000000000002, 0.05133333333333335, 0.05000000000000002, 0.047333333333333345, 0.046666666666666676, 0.04466666666666667, 0.043333333333333335, 0.04066666666666667, 0.04, 0.038000000000000006, 0.03600000000000001, 0.03600000000000001, 0.03466666666666667, 0.03466666666666667]

listfEveGenProportion_belongToLocalSearchedIndNeighbor_exceptCurrLocalSearchedInd_AllRunsAve:
[0.0, 0.0, 0.004, 0.045333333333333344, 0.2086666666666667, 0.45399999999999996, 0.7300000000000001, 0.8966666666666667, 0.9706666666666668, 0.9706666666666668, 0.9786666666666668, 0.9773333333333335, 0.9773333333333336, 0.9853333333333334, 0.9846666666666669, 0.9826666666666668, 0.9846666666666668, 0.9846666666666668, 0.9840000000000001, 0.9833333333333335, 0.9786666666666668, 0.9786666666666669, 0.9833333333333335, 0.9813333333333333, 0.9806666666666666, 0.98, 0.9866666666666668, 0.9880000000000001, 0.9860000000000002, 0.9900000000000002, 0.9906666666666667, 0.9893333333333335, 0.9893333333333334, 0.9893333333333334, 0.9886666666666667, 0.9900000000000001, 0.9919999999999999, 0.994, 0.994, 0.994, 0.9953333333333334, 0.9960000000000001, 0.9960000000000001, 0.9953333333333334, 0.9960000000000001, 0.9953333333333334, 0.9960000000000001, 0.9960000000000001, 0.9960000000000001, 0.9953333333333334, 0.9953333333333334]

listiAveDiversityMetric2EveGen:
[7.504348654727197, 20.551423040399833, 7.811241760377623, 3.9189081882548935, 2.562727041510482, 1.8933838900458142, 1.5979217548243787, 1.583185583784534, 1.6166455976676384, 1.6283535193669303, 1.6392672830764963, 1.62735224767458, 1.6090651117589896, 1.5759533083437456, 1.5359012855754546, 1.5162030043037624, 1.450092328196585, 1.3699888157712066, 1.358146994307927, 1.3863786977648198, 1.343002015826739, 1.3244216687491321, 1.2803994779952796, 1.263600788560322, 1.2576981813133417, 1.2711539969457173, 1.2637632097737057, 1.2620529001804806, 1.2741423517978623, 1.1922924559211439, 1.1419230431764544, 1.1023382035263085, 1.0335086602804389, 0.9923541635429683, 0.9442539386366792, 0.9071455782312925, 0.8780708482576707, 0.8526655226988755, 0.8348557878661668, 0.8248867860613632, 0.8043590726086352, 0.7665777481604886, 0.7340775121477161, 0.7118261613216713, 0.6755414577259474, 0.6141938636679162, 0.5869222934888242, 0.5551269193391644, 0.5203510093016799, 0.5067141135637929, 0.49137659308621406]

listiAveFitEvaNumByThisGen:
[50, 439, 824, 1192, 1511, 1765, 1963, 2098, 2207, 2305, 2396, 2487, 2577, 2666, 2757, 2847, 2937, 3027, 3117, 3207, 3298, 3390, 3480, 3570, 3662, 3751, 3842, 3931, 4020, 4110, 4200, 4290, 4380, 4471, 4562, 4653, 4743, 4833, 4923, 5013, 5100, 5190, 5279, 5368, 5457, 5549, 5638, 5728, 5817, 5907, 5997]
------------------------new instance-----------------------------
listiEveGenLocalSearchedIndNum_AllRunsEve:
[0.0, 9.933333333333334, 19.733333333333334, 29.166666666666668, 36.93333333333333, 42.766666666666666, 46.6, 48.36666666666667, 49.3, 49.766666666666666, 49.93333333333333, 49.96666666666667, 50.03333333333333, 50.1, 50.166666666666664, 50.3, 50.333333333333336, 50.36666666666667, 50.36666666666667, 50.36666666666667, 50.36666666666667, 50.36666666666667, 50.36666666666667, 50.4, 50.43333333333333, 50.5, 50.53333333333333, 50.53333333333333, 50.53333333333333, 50.53333333333333, 50.53333333333333, 50.53333333333333, 50.53333333333333, 50.53333333333333, 50.53333333333333, 50.53333333333333, 50.53333333333333, 50.53333333333333, 50.53333333333333, 50.53333333333333, 50.53333333333333, 50.53333333333333, 50.53333333333333, 50.53333333333333, 50.53333333333333, 50.53333333333333, 50.53333333333333, 50.53333333333333, 50.53333333333333, 50.53333333333333, 50.53333333333333]

listfEveGenBestIndFitness_AllRunsAve:
[0.09459911985073083, 0.11851626227609877, 0.15362399941113938, 0.17856398263283144, 0.19186689917468602, 0.19610947684627975, 0.19758939326648542, 0.198447584774679, 0.1986249625731459, 0.19867683591587007, 0.19876552481510354, 0.19876552481510354, 0.19890480673717761, 0.19899349563641108, 0.1990270879980392, 0.199080904215761, 0.199080904215761, 0.199080904215761, 0.199080904215761, 0.199080904215761, 0.199080904215761, 0.199080904215761, 0.199080904215761, 0.19922146645771863, 0.19922146645771863, 0.19922146645771863, 0.19922146645771863, 0.19922146645771863, 0.19922146645771863, 0.19922146645771863, 0.19922146645771863, 0.19922146645771863, 0.19922146645771863, 0.19922146645771863, 0.19922146645771863, 0.19922146645771863, 0.19922146645771863, 0.19922146645771863, 0.19922146645771863, 0.19922146645771863, 0.19922146645771863, 0.19922146645771863, 0.19922146645771863, 0.19922146645771863, 0.19922146645771863, 0.19922146645771863, 0.19922146645771863, 0.19922146645771863, 0.19922146645771863, 0.19922146645771863, 0.19922146645771863]

listEveGenDiversityMetric1_AllRunsAve:
[1.0, 0.9973333333333333, 0.9320000000000002, 0.8713333333333334, 0.7893333333333334, 0.708, 0.5973333333333334, 0.528, 0.48066666666666674, 0.43066666666666664, 0.38799999999999996, 0.3506666666666666, 0.32466666666666666, 0.28933333333333333, 0.26133333333333336, 0.2373333333333333, 0.22066666666666665, 0.2046666666666667, 0.1866666666666667, 0.16866666666666674, 0.1546666666666667, 0.14333333333333337, 0.13200000000000003, 0.12533333333333338, 0.11533333333333337, 0.10933333333333337, 0.10533333333333338, 0.10133333333333337, 0.09533333333333337, 0.08666666666666671, 0.08200000000000005, 0.07866666666666669, 0.0746666666666667, 0.07200000000000004, 0.07000000000000003, 0.0666666666666667, 0.06133333333333336, 0.056666666666666685, 0.05333333333333335, 0.04933333333333335, 0.0466666666666667, 0.04266666666666669, 0.040000000000000015, 0.036000000000000004, 0.03466666666666667, 0.032000000000000015, 0.031333333333333345, 0.03066666666666668, 0.029333333333333343, 0.02800000000000001, 0.02800000000000001]

listfEveGenProportion_belongToLocalSearchedIndNeighbor_exceptCurrLocalSearchedInd_AllRunsAve:
[0.0, 0.0, 0.004, 0.048, 0.2606666666666667, 0.4746666666666667, 0.7153333333333333, 0.8786666666666666, 0.9320000000000002, 0.9686666666666669, 0.9846666666666668, 0.9893333333333333, 0.9880000000000001, 0.9880000000000001, 0.9860000000000001, 0.988, 0.9866666666666667, 0.9893333333333334, 0.9893333333333334, 0.9880000000000001, 0.9893333333333335, 0.9926666666666668, 0.994, 0.9926666666666667, 0.9940000000000001, 0.9946666666666668, 0.9966666666666667, 0.9973333333333334, 0.9993333333333333, 1.0, 1.0, 1.0, 1.0, 1.0, 1.0, 1.0, 1.0, 1.0, 1.0, 1.0, 1.0, 1.0, 1.0, 1.0, 1.0, 1.0, 1.0, 1.0, 1.0, 1.0, 1.0]

listiAveDiversityMetric2EveGen:
[7.504348654727197, 18.006099414133004, 7.795724670276272, 4.8346016715257525, 3.2351519311398023, 2.5885951075940583, 2.338096370956546, 2.169311320283215, 2.0995312397612103, 2.0288656615299185, 1.9947908815771205, 1.958657670415105, 1.93361068443704, 1.8689843676246012, 1.816129857004026, 1.7583442454532834, 1.6579616270998196, 1.6319816965153409, 1.5782870914896572, 1.4996776232125506, 1.4334794280161043, 1.373831570179092, 1.3475767319172567, 1.3091295515757326, 1.2452654060808004, 1.1867565403304179, 1.1762242176870747, 1.177335843398584, 1.1368051756212687, 1.1169745939192004, 1.0509660086075245, 1.0192614410662224, 0.9811955240871859, 0.9367561738164655, 0.9080549770928779, 0.8868785561571568, 0.859663406913786, 0.7896579980563655, 0.7425258142440649, 0.6802408329862557, 0.6457241926974872, 0.6032550437317783, 0.5604871747882826, 0.4786559378036929, 0.43030817159516865, 0.3897949187838401, 0.3571916146050257, 0.337138814382896, 0.312520094405109, 0.27233239483548527, 0.2503063723448563]

listiAveFitEvaNumByThisGen:
[50, 438, 822, 1194, 1517, 1782, 1986, 2128, 2246, 2350, 2445, 2537, 2629, 2720, 2813, 2906, 2996, 3087, 3177, 3267, 3357, 3446, 3536, 3627, 3720, 3811, 3903, 3992, 4081, 4171, 4261, 4351, 4441, 4532, 4623, 4714, 4804, 4894, 4984, 5074, 5161, 5251, 5340, 5429, 5518, 5609, 5698, 5788, 5877, 5967, 6057]
------------------------new instance-----------------------------
listiEveGenLocalSearchedIndNum_AllRunsEve:
[0.0, 9.966666666666667, 19.8, 29.3, 37.03333333333333, 42.63333333333333, 46.06666666666667, 47.53333333333333, 48.13333333333333, 48.333333333333336, 48.43333333333333, 48.5, 48.53333333333333, 48.53333333333333, 48.53333333333333, 48.53333333333333, 48.53333333333333, 48.56666666666667, 48.6, 48.6, 48.6, 48.6, 48.6, 48.6, 48.6, 48.6, 48.6, 48.6, 48.6, 48.6, 48.6, 48.6, 48.6, 48.6, 48.6, 48.6, 48.6, 48.6, 48.6, 48.6, 48.6, 48.6, 48.6, 48.6, 48.6, 48.6, 48.6, 48.6, 48.6, 48.6, 48.6]

listfEveGenBestIndFitness_AllRunsAve:
[0.09902671145422087, 0.12895593903085484, 0.17628502272164692, 0.2198256218390656, 0.2420662514487186, 0.25262609096837463, 0.25593318484269834, 0.2573390328852811, 0.25743315803428113, 0.25752728318328116, 0.25752728318328116, 0.25752728318328116, 0.25752728318328116, 0.25752728318328116, 0.25752728318328116, 0.25752728318328116, 0.25752728318328116, 0.25752728318328116, 0.25762140833228114, 0.25762140833228114, 0.25762140833228114, 0.25762140833228114, 0.25762140833228114, 0.25762140833228114, 0.25762140833228114, 0.25762140833228114, 0.25762140833228114, 0.25762140833228114, 0.25762140833228114, 0.25762140833228114, 0.25762140833228114, 0.25762140833228114, 0.25762140833228114, 0.25762140833228114, 0.25762140833228114, 0.25762140833228114, 0.25762140833228114, 0.25762140833228114, 0.25762140833228114, 0.25762140833228114, 0.25762140833228114, 0.25762140833228114, 0.25762140833228114, 0.25762140833228114, 0.25762140833228114, 0.25762140833228114, 0.25762140833228114, 0.25762140833228114, 0.25762140833228114, 0.25762140833228114, 0.25762140833228114]

listEveGenDiversityMetric1_AllRunsAve:
[1.0, 0.998, 0.9220000000000002, 0.844, 0.7819999999999997, 0.696, 0.6006666666666666, 0.5599999999999999, 0.5173333333333334, 0.4806666666666668, 0.44466666666666677, 0.40466666666666673, 0.37533333333333346, 0.34266666666666673, 0.30666666666666664, 0.2753333333333334, 0.2513333333333333, 0.22799999999999995, 0.21, 0.18999999999999995, 0.176, 0.162, 0.1526666666666667, 0.14000000000000007, 0.1333333333333334, 0.11933333333333337, 0.10933333333333337, 0.10000000000000005, 0.09400000000000006, 0.0886666666666667, 0.08000000000000003, 0.07133333333333337, 0.06533333333333337, 0.06266666666666669, 0.059333333333333356, 0.05533333333333335, 0.05266666666666668, 0.05133333333333335, 0.04600000000000001, 0.042000000000000016, 0.038666666666666676, 0.03733333333333334, 0.036666666666666674, 0.03266666666666668, 0.03200000000000001, 0.031333333333333345, 0.03000000000000001, 0.028666666666666677, 0.02800000000000001, 0.027333333333333345, 0.02666666666666668]

listfEveGenProportion_belongToLocalSearchedIndNeighbor_exceptCurrLocalSearchedInd_AllRunsAve:
[0.0, 0.0, 0.006666666666666667, 0.06400000000000002, 0.24800000000000005, 0.5146666666666666, 0.77, 0.8773333333333334, 0.94, 0.9686666666666669, 0.9680000000000002, 0.9700000000000002, 0.9700000000000001, 0.9693333333333335, 0.9693333333333336, 0.9733333333333335, 0.9700000000000002, 0.9673333333333336, 0.9673333333333336, 0.9660000000000003, 0.9693333333333335, 0.9720000000000002, 0.9766666666666669, 0.9820000000000003, 0.9800000000000002, 0.9780000000000001, 0.9766666666666667, 0.9813333333333333, 0.9866666666666667, 0.9886666666666668, 0.9913333333333334, 0.9906666666666666, 0.9893333333333333, 0.9926666666666667, 0.994, 0.9946666666666667, 0.9973333333333334, 0.998, 0.9986666666666667, 0.9993333333333333, 1.0, 1.0, 1.0, 1.0, 1.0, 1.0, 1.0, 1.0, 1.0, 1.0, 1.0]

listiAveDiversityMetric2EveGen:
[7.504348654727197, 19.115960438706097, 7.243933694294044, 3.8196140052755796, 2.6323790864917394, 2.2713951853394416, 1.922842104678606, 1.9637476384839654, 2.0028517895321394, 2.0452878856032206, 2.1017058892128277, 2.086776198806053, 2.0221793808135495, 1.9598015493544358, 1.8844653838678334, 1.7436549881993613, 1.7330570928779674, 1.6913216826322364, 1.6640724142718317, 1.6532042315701787, 1.6411903040399831, 1.6288560655282518, 1.656294055254755, 1.6396521005136748, 1.645214049701513, 1.6091178897681526, 1.581760310981535, 1.5842882354574486, 1.5582882243509648, 1.5479924253783144, 1.51298088018881, 1.460386172428155, 1.3546244620297097, 1.2873758600583092, 1.2206805386644457, 1.1498121116201583, 1.0664302318478414, 1.0388188921282795, 0.9611851062057478, 0.8599700347077608, 0.7422143884492574, 0.6981286686103014, 0.6050492294877134, 0.5048124170484521, 0.47635725114535604, 0.4126092350409552, 0.34614732750242966, 0.3148874635568513, 0.2918879800083299, 0.27671776759683464, 0.2629112536443149]

listiAveFitEvaNumByThisGen:
[50, 439, 824, 1198, 1520, 1778, 1970, 2103, 2211, 2307, 2400, 2493, 2584, 2673, 2764, 2853, 2942, 3033, 3124, 3214, 3304, 3393, 3483, 3573, 3665, 3754, 3845, 3934, 4023, 4113, 4203, 4293, 4383, 4474, 4565, 4656, 4746, 4836, 4926, 5016, 5103, 5193, 5282, 5371, 5460, 5551, 5640, 5730, 5819, 5909, 5999]
------------------------new instance-----------------------------
