5.315496406111398755e+03 5.315496406111398755e+03 5.473067655846326488e+03 5.315496406111398755e+03 5.315496406111398755e+03 5.315496406111398755e+03 5.315496406111398755e+03 5.315496406111398755e+03 5.315496406111398755e+03 5.315496406111398755e+03
5.440935192848300176e+03 5.440935192848300176e+03 5.476506824786275502e+03 5.476506824786275502e+03 5.521191336323413452e+03 5.476506824786275502e+03 5.476506824786275502e+03 5.440935192848300176e+03 5.476506824786275502e+03 5.558526840588642699e+03
4.883016783842658697e+03 4.984813986547394052e+03 4.795554596185705122e+03 5.007407311674292032e+03 4.795554596185705122e+03 4.883016783842658697e+03 4.795554596185705122e+03 4.795554596185705122e+03 4.907684551245441980e+03 4.795554596185705122e+03
5.208579438929865319e+03 5.313738929983646813e+03 5.263330726352974125e+03 5.208579438929865319e+03 5.455842050956161074e+03 5.208579438929865319e+03 5.263330726352974125e+03 5.208579438929865319e+03 5.208579438929865319e+03 5.208579438929865319e+03
5.382130418434822786e+03 5.269682811468444015e+03 5.269682811468444015e+03 5.338101155332480630e+03 5.269682811468444015e+03 5.338101155332480630e+03 5.269682811468444015e+03 5.269682811468444015e+03 5.269682811468444015e+03 5.412685711292881024e+03
4.506215541796780599e+03 4.506215541796780599e+03 4.506215541796780599e+03 4.506215541796780599e+03 4.506215541796780599e+03 4.506215541796780599e+03 4.506215541796780599e+03 4.541716705406839537e+03 4.506215541796780599e+03 4.506215541796780599e+03
5.019539398944401910e+03 5.128084179079109163e+03 5.019539398944401910e+03 5.019539398944401910e+03 5.087484394863368834e+03 5.019539398944401910e+03 5.019539398944401910e+03 5.019539398944401910e+03 5.019539398944401910e+03 5.019539398944401910e+03
3.881664984573782021e+03 3.881664984573782021e+03 3.881664984573782021e+03 3.881664984573782021e+03 3.881664984573782021e+03 3.881664984573782021e+03 3.881664984573782021e+03 3.881664984573782021e+03 3.881664984573782021e+03 3.881664984573782021e+03
5.293301435032297377e+03 5.348641278321920254e+03 5.293301435032297377e+03 5.293301435032297377e+03 5.348641278321920254e+03 5.293301435032297377e+03 5.293301435032297377e+03 5.348641278321920254e+03 5.293301435032297377e+03 5.293301435032297377e+03
5.187534781361617206e+03 5.187534781361617206e+03 5.225322118032671824e+03 5.187534781361617206e+03 5.280136295261134364e+03 5.225322118032671824e+03 5.187534781361617206e+03 5.272434374783386374e+03 5.187534781361617206e+03 5.225322118032671824e+03
