listfAveBestIndFitnessEveryGen:
[0.24873754554078023, 0.32282730938061294, 0.3578538578910442, 0.430307823628483, 0.430307823628483, 0.430307823628483, 0.430307823628483, 0.430307823628483, 0.430307823628483, 0.430307823628483, 0.430307823628483, 0.430307823628483, 0.430307823628483, 0.430307823628483, 0.430307823628483, 0.430307823628483, 0.430307823628483, 0.430307823628483, 0.430307823628483, 0.430307823628483, 0.430307823628483, 0.430307823628483, 0.430307823628483, 0.430307823628483, 0.430307823628483, 0.430307823628483, 0.430307823628483, 0.430307823628483, 0.430307823628483, 0.430307823628483, 0.430307823628483, 0.430307823628483, 0.430307823628483, 0.430307823628483, 0.430307823628483, 0.430307823628483, 0.430307823628483, 0.430307823628483, 0.430307823628483, 0.430307823628483, 0.430307823628483, 0.430307823628483, 0.430307823628483, 0.430307823628483, 0.430307823628483, 0.430307823628483, 0.430307823628483, 0.430307823628483, 0.430307823628483, 0.430307823628483, 0.430307823628483, 0.430307823628483, 0.430307823628483, 0.430307823628483, 0.430307823628483, 0.430307823628483, 0.430307823628483, 0.430307823628483, 0.430307823628483, 0.430307823628483, 0.430307823628483]

listiAveDiversityMetric1EveGen:
[1.0, 0.9333333333333333, 0.8333333333333336, 0.6333333333333331, 0.3333333333333332, 0.1666666666666666, 0.13333333333333333, 0.03333333333333333, 0.03333333333333333, 0.03333333333333333, 0.03333333333333333, 0.03333333333333333, 0.03333333333333333, 0.03333333333333333, 0.03333333333333333, 0.03333333333333333, 0.03333333333333333, 0.03333333333333333, 0.03333333333333333, 0.03333333333333333, 0.03333333333333333, 0.03333333333333333, 0.03333333333333333, 0.03333333333333333, 0.03333333333333333, 0.03333333333333333, 0.03333333333333333, 0.03333333333333333, 0.03333333333333333, 0.03333333333333333, 0.03333333333333333, 0.03333333333333333, 0.03333333333333333, 0.03333333333333333, 0.03333333333333333, 0.03333333333333333, 0.03333333333333333, 0.03333333333333333, 0.03333333333333333, 0.03333333333333333, 0.03333333333333333, 0.03333333333333333, 0.03333333333333333, 0.03333333333333333, 0.03333333333333333, 0.03333333333333333, 0.03333333333333333, 0.03333333333333333, 0.03333333333333333, 0.03333333333333333, 0.03333333333333333, 0.03333333333333333, 0.03333333333333333, 0.03333333333333333, 0.03333333333333333, 0.03333333333333333, 0.03333333333333333, 0.03333333333333333, 0.03333333333333333, 0.03333333333333333, 0.03333333333333333]

listiAveDiversityMetric2EveGen:
[0.9333333333333333, 0.6333333333333331, 0.5666666666666665, 0.4000000000000001, 0.1666666666666666, 0.13333333333333333, 0.13333333333333333, 0.03333333333333333, 0.03333333333333333, 0.03333333333333333, 0.03333333333333333, 0.03333333333333333, 0.03333333333333333, 0.03333333333333333, 0.03333333333333333, 0.03333333333333333, 0.03333333333333333, 0.03333333333333333, 0.03333333333333333, 0.03333333333333333, 0.03333333333333333, 0.03333333333333333, 0.03333333333333333, 0.03333333333333333, 0.03333333333333333, 0.03333333333333333, 0.03333333333333333, 0.03333333333333333, 0.03333333333333333, 0.03333333333333333, 0.03333333333333333, 0.03333333333333333, 0.03333333333333333, 0.03333333333333333, 0.03333333333333333, 0.03333333333333333, 0.03333333333333333, 0.03333333333333333, 0.03333333333333333, 0.03333333333333333, 0.03333333333333333, 0.03333333333333333, 0.03333333333333333, 0.03333333333333333, 0.03333333333333333, 0.03333333333333333, 0.03333333333333333, 0.03333333333333333, 0.03333333333333333, 0.03333333333333333, 0.03333333333333333, 0.03333333333333333, 0.03333333333333333, 0.03333333333333333, 0.03333333333333333, 0.03333333333333333, 0.03333333333333333, 0.03333333333333333, 0.03333333333333333, 0.03333333333333333, 0.03333333333333333]

listiAveFitEvaNumByThisGen:
[30, 80, 138, 192, 246, 300, 354, 408, 456, 506, 556, 612, 662, 714, 772, 826, 878, 934, 992, 1052, 1104, 1158, 1212, 1270, 1326, 1384, 1438, 1490, 1548, 1596, 1650, 1702, 1754, 1804, 1856, 1908, 1958, 2000, 2058, 2110, 2162, 2216, 2270, 2326, 2378, 2428, 2474, 2528, 2580, 2634, 2682, 2738, 2796, 2852, 2906, 2966, 3022, 3076, 3128, 3180, 3238]
------------------------new instance-----------------------------
