listiEveGenLocalSearchedIndNum_AllRunsEve:
[0.0, 10.0, 20.0, 30.0, 40.0, 50.0, 60.0, 70.0, 80.0, 90.0, 100.0, 110.0, 120.0, 130.0, 140.0, 150.0, 160.0, 170.0, 180.0, 190.0, 200.0, 210.0, 220.0, 230.0, 240.0, 250.0, 260.0, 270.0, 280.0, 290.0, 300.0, 310.0, 320.0, 330.0, 340.0, 350.0, 360.0, 370.0, 380.0, 390.0, 400.0, 410.0, 420.0, 430.0, 440.0, 450.3333333333333, 460.6666666666667, 471.3333333333333, 483.6666666666667, 497.0, 512.3333333333334]

listfEveGenBestIndFitness_AllRunsAve:
[0.02473907438636239, 0.026172823656101355, 0.02996217383862975, 0.033775946156808984, 0.03724133837826479, 0.04021068557760052, 0.04370928235700995, 0.0471047447993683, 0.05040831013451837, 0.053548065862022536, 0.05666463852032755, 0.06023555182463973, 0.06371470423176721, 0.06710987084199485, 0.07047746508415464, 0.07361540036118276, 0.07669485186099394, 0.0797400573991046, 0.08220623204504572, 0.08455868885216776, 0.08669672707541673, 0.08840464878863366, 0.08939257527824815, 0.09060832102811985, 0.09151957417865521, 0.09215851724123662, 0.09257845709136658, 0.09300680664420372, 0.093197362883331, 0.09344334185409284, 0.0935293892973282, 0.09362571075775365, 0.0936439246764604, 0.0936678315392052, 0.09369799888928435, 0.09370269956627286, 0.09372226752312857, 0.09373944142569902, 0.0937838642511359, 0.0937838642511359, 0.09380207816984261, 0.09380207816984261, 0.09382340178141536, 0.0938273947994808, 0.09385700330136709, 0.09385700330136709, 0.09385700330136709, 0.09389654083164659, 0.09389654083164659, 0.09389654083164659, 0.09389654083164659]

listEveGenDiversityMetric1_AllRunsAve:
[1.0, 1.0, 0.9861904761904762, 0.9152380952380952, 0.8552380952380951, 0.758095238095238, 0.7690476190476192, 0.7038095238095239, 0.7266666666666666, 0.7209523809523808, 0.735238095238095, 0.7314285714285713, 0.7423809523809524, 0.7290476190476192, 0.7466666666666667, 0.7514285714285712, 0.7347619047619046, 0.7133333333333332, 0.7180952380952379, 0.6742857142857142, 0.7028571428571428, 0.6795238095238095, 0.6647619047619048, 0.6252380952380953, 0.6248459383753501, 0.6178431372549019, 0.5747681294740119, 0.5913331819214172, 0.554880306732622, 0.5928476965835067, 0.5765935399005342, 0.5678245659472193, 0.5596236977027924, 0.5947573046647316, 0.5919470192327656, 0.6043454027530026, 0.6107614121072966, 0.6168800358243843, 0.6226873217861121, 0.6242813486431281, 0.6283474346326811, 0.6310474471844242, 0.6309615160472766, 0.6336989396599711, 0.6340702075902436, 0.6337920877092916, 0.6323159381228486, 0.6302052817494448, 0.6256314547997626, 0.618881735879031, 0.6112279183107105]

listfEveGenProportion_belongToLocalSearchedIndNeighbor_exceptCurrLocalSearchedInd_AllRunsAve:
[0.0, 0.0, 0.0, 0.0, 0.0, 0.0, 0.0, 0.0, 0.0, 0.0004761904761904762, 0.0, 0.0, 0.0004761904761904762, 0.0019047619047619048, 0.009047619047619047, 0.02761904761904762, 0.06857142857142856, 0.11, 0.1542857142857143, 0.2757142857142857, 0.3071428571428571, 0.37999999999999995, 0.4361904761904762, 0.5223809523809524, 0.5515966386554623, 0.5721848739495796, 0.6713175640626621, 0.6597448709213415, 0.755397377233005, 0.7325969062088774, 0.7824364022871485, 0.7908232355040865, 0.8299790514053732, 0.8113046686631843, 0.8597235196844761, 0.8788098435773183, 0.8849393483329974, 0.9008003199397019, 0.907094643590488, 0.9204092911805154, 0.922365447654173, 0.930936590847723, 0.9392295440152915, 0.938734808858408, 0.9392933963011291, 0.9403638036616033, 0.9505457849592455, 0.9560649147397619, 0.9538881610584409, 0.9567580963186768, 0.9608056221491214]

listiAveDiversityMetric2EveGen:
[24.92317440885197, 260.3639898666462, 148.72867824315193, 99.65075915281047, 86.23979252057892, 60.87554874283258, 41.84655059318413, 24.806312445078856, 19.909680987959142, 13.88343621859582, 10.768256860232016, 9.470125575287875, 6.727226310141786, 6.231971434572569, 4.941773474102937, 4.074566636232313, 3.950133976884179, 3.5049169856558464, 2.8252785400654696, 2.7787153959252255, 2.53609229182116, 2.5116080969669956, 2.6471601032767653, 2.741723898969376, 2.82054489021495, 2.6665344920288834, 2.578471210467386, 2.5682281001701255, 2.6360769222509086, 2.659255549833916, 2.659761356093994, 2.7383013133168164, 2.786353747109915, 3.0423142792603017, 3.0876251137310535, 3.2328212719219684, 3.2880192982781944, 3.340597912931093, 3.426451242118046, 3.478067009580633, 3.5029773575727736, 3.509441190363368, 3.5250364509151573, 3.5567134617218246, 3.5669167300489075, 3.5703357315910065, 3.5827591686112874, 3.6112266064164626, 3.6118659110622104, 3.603296406968802, 3.595458296019297]

listiAveFitEvaNumByThisGen:
[70, 1140, 2210, 3280, 4350, 5420, 6490, 7560, 8630, 9700, 10770, 11840, 12910, 13980, 15050, 16120, 17190, 18260, 19330, 20400, 21470, 22540, 23610, 24680, 25750, 26823, 27903, 28993, 30110, 31243, 32420, 33633, 34893, 36206, 37590, 39046, 40593, 42230, 43956, 45780, 47696, 49713, 51830, 54046, 56363, 58813, 61363, 64046, 66996, 70146, 73596]
------------------------new instance-----------------------------
listiEveGenLocalSearchedIndNum_AllRunsEve:
[0.0, 10.0, 20.0, 30.0, 40.0, 50.0, 60.0, 70.0, 80.0, 90.0, 100.0, 110.0, 120.0, 130.0, 140.0, 150.0, 160.0, 170.0, 180.0, 190.0, 200.0, 210.0, 220.0, 230.0, 240.0, 250.0, 260.0, 270.0, 280.0, 290.0, 300.0, 310.0, 320.0, 330.0, 340.0, 350.0, 360.0, 370.0, 380.0, 390.0, 400.0, 410.0, 420.0, 430.6666666666667, 441.3333333333333, 452.0, 462.6666666666667, 473.6666666666667, 486.0, 499.0, 512.6666666666666]

listfEveGenBestIndFitness_AllRunsAve:
[0.023764866783833428, 0.02533469010357804, 0.028774950978939465, 0.03226207945243663, 0.035771232876511565, 0.039078286527670744, 0.0428762940952719, 0.04621195138752223, 0.04917957003708044, 0.052648421330252014, 0.055982251896553786, 0.059363782766163234, 0.06280725907853049, 0.06620702617330054, 0.06955365061833375, 0.07269219329893431, 0.07590229776691508, 0.07883986036045162, 0.08099544920266419, 0.08317731023029003, 0.08486330485861357, 0.08629827342043771, 0.08771444886054677, 0.08873475822583027, 0.08959745057765121, 0.0902366505628141, 0.09066384584409447, 0.09117715577998052, 0.09139315042647742, 0.09160234252932346, 0.09162177588155024, 0.09179984452200299, 0.09183418140224099, 0.09184311968879245, 0.09185744363978264, 0.09186590959476339, 0.09186590959476339, 0.09186590959476339, 0.09186590959476339, 0.09186590959476339, 0.09186590959476339, 0.09186590959476339, 0.09186590959476339, 0.09186590959476339, 0.09186590959476339, 0.09186590959476339, 0.09186590959476339, 0.09186590959476339, 0.09186590959476339, 0.09186590959476339, 0.09186590959476339]

listEveGenDiversityMetric1_AllRunsAve:
[1.0, 1.0, 0.9966666666666666, 0.9423809523809525, 0.88, 0.7699999999999999, 0.7676190476190478, 0.7176190476190475, 0.7090476190476189, 0.7380952380952378, 0.722857142857143, 0.7180952380952381, 0.728095238095238, 0.74, 0.7414285714285715, 0.7357142857142857, 0.7233333333333333, 0.7180952380952381, 0.7033333333333333, 0.6838095238095239, 0.6980952380952381, 0.6682072829131652, 0.6538095238095238, 0.6300280112044819, 0.6018850503164228, 0.5522450461666149, 0.5546559164206223, 0.5478407533226055, 0.5025942852774637, 0.5280961052193127, 0.4979623269819348, 0.5055734465679369, 0.5369799688398018, 0.5645203246637875, 0.5802345660626944, 0.5698063059271409, 0.5777298621315423, 0.5802612454353634, 0.5848535342845759, 0.591232873564757, 0.5953885258999148, 0.5979509821098719, 0.5984992985618213, 0.5978053678846581, 0.5962048910893125, 0.5957860196366437, 0.5939964080625758, 0.5916451899111903, 0.5873271718147214, 0.5815694546354958, 0.5749572656037321]

listfEveGenProportion_belongToLocalSearchedIndNeighbor_exceptCurrLocalSearchedInd_AllRunsAve:
[0.0, 0.0, 0.0, 0.0, 0.0, 0.0, 0.0, 0.0, 0.0, 0.0014285714285714286, 0.00380952380952381, 0.0047619047619047615, 0.009047619047619047, 0.010476190476190476, 0.018571428571428572, 0.03809523809523809, 0.07809523809523809, 0.1180952380952381, 0.1676190476190476, 0.2352380952380953, 0.26904761904761904, 0.33700280112044817, 0.38764705882352934, 0.42885154061624664, 0.4818238406473701, 0.5730480340284263, 0.6136528124763418, 0.6184003814291674, 0.7360851475092961, 0.7110936912078264, 0.7877668220805474, 0.805257367764381, 0.8014727497244665, 0.8100609537914661, 0.8193898652234008, 0.8761783962032249, 0.8847598631787743, 0.9077813535025195, 0.925336702100285, 0.9312400580999671, 0.9391814432317255, 0.9464705332341665, 0.9552967045368607, 0.957023437990508, 0.9620139754841132, 0.9642233828461702, 0.9690861014191631, 0.9706200436371125, 0.9708459241260166, 0.9731699698447216, 0.9750717564397396]

listiAveDiversityMetric2EveGen:
[24.92317440885197, 295.207072292307, 193.19839644961112, 114.96186938375432, 87.16014525045473, 47.11475426045233, 37.09064721154163, 29.878467000158597, 19.203784284728386, 13.138545455065037, 10.4811500013574, 6.321702803532672, 4.764855585418373, 4.36094992905795, 3.4658247124096433, 2.7361499942131857, 2.7290215655260215, 3.1185779926757515, 2.504667063884996, 2.444464082461382, 2.782103868306407, 3.007175322003905, 3.1905999672548715, 3.294352029498508, 3.2338490327548657, 3.1468523229381513, 2.8982104214763025, 2.7084899623428407, 2.5437362624215387, 2.7122877923550845, 2.5576006594184184, 2.649087344720548, 2.736676019121856, 3.0728632676780716, 2.819622190588468, 2.894892572491318, 2.949292513512316, 3.008991046123951, 3.0496270075332683, 3.098181215872162, 3.1546621949263303, 3.186742318677979, 3.214347074892361, 3.2676454857025616, 3.299034465196611, 3.3351494273883557, 3.351532898844531, 3.368031700183511, 3.384276546833749, 3.400047520334872, 3.4113040853664165]

listiAveFitEvaNumByThisGen:
[70, 1140, 2210, 3280, 4350, 5420, 6490, 7560, 8630, 9700, 10770, 11840, 12910, 13980, 15050, 16120, 17190, 18260, 19330, 20400, 21470, 22540, 23613, 24690, 25766, 26853, 27940, 29036, 30156, 31286, 32453, 33643, 34876, 36166, 37516, 38940, 40430, 42006, 43673, 45436, 47300, 49263, 51326, 53556, 55886, 58316, 60846, 63510, 66406, 69470, 72700]
------------------------new instance-----------------------------
listiEveGenLocalSearchedIndNum_AllRunsEve:
[0.0, 10.0, 20.0, 30.0, 40.0, 50.0, 60.0, 70.0, 80.0, 90.0, 100.0, 110.0, 120.0, 130.0, 140.0, 150.0, 160.0, 170.0, 180.0, 190.0, 200.0, 210.0, 220.0, 230.0, 240.0, 250.0, 260.0, 270.0, 280.0, 290.0, 300.0, 310.0, 320.0, 330.0, 340.0, 350.0, 360.0, 370.0, 380.0, 390.0, 400.0, 410.0, 420.0, 430.0, 440.0, 450.3333333333333, 461.0, 472.6666666666667, 485.3333333333333, 499.6666666666667, 515.6666666666666]

listfEveGenBestIndFitness_AllRunsAve:
[0.025274090672159435, 0.02687802481663308, 0.030274576120388717, 0.03349099753563671, 0.037259964152815725, 0.040525572923375684, 0.043559516798257425, 0.047226077675217665, 0.050536685571980204, 0.05364326421578599, 0.05693071394060282, 0.06022777637106684, 0.06342243967439062, 0.06673187966397291, 0.07000253311179269, 0.07314387971148648, 0.07606185147541526, 0.07875443337253078, 0.08104518642333841, 0.08303441440302488, 0.08491335287001295, 0.08597794634231025, 0.087116419133521, 0.08779631423440523, 0.08838620548032004, 0.08873996313111109, 0.0889778731887388, 0.08919100042975171, 0.0893215557267964, 0.08940525983648948, 0.0895455460719721, 0.08962516048490388, 0.08968219787030665, 0.08971017630197818, 0.08972692891876223, 0.08980266145983548, 0.08990161881885005, 0.08990308408809163, 0.08993554278553845, 0.08994651804579325, 0.08994725068041404, 0.09000372482812152, 0.0900044574627423, 0.0900044574627423, 0.09002390317728474, 0.09002463581190552, 0.09002463581190552, 0.09003512219896463, 0.09003940428890105, 0.09003940428890105, 0.09003940428890105]

listEveGenDiversityMetric1_AllRunsAve:
[1.0, 1.0, 0.9819047619047618, 0.949047619047619, 0.8738095238095238, 0.7509523809523808, 0.7238095238095235, 0.7609523809523809, 0.7471428571428571, 0.7176190476190476, 0.7338095238095239, 0.7061904761904763, 0.726190476190476, 0.7161904761904762, 0.738095238095238, 0.7328571428571428, 0.7252380952380952, 0.72, 0.7204761904761905, 0.6995238095238093, 0.708095238095238, 0.7042857142857143, 0.6671428571428568, 0.6761624649859944, 0.6523809523809524, 0.6503890445066918, 0.6049745824255627, 0.6013623427348915, 0.635573893220952, 0.5773279268898793, 0.6146572825252314, 0.6131006928814674, 0.6140887358167765, 0.6056603032502692, 0.614223999280853, 0.6246929214362544, 0.6386327701418616, 0.6468090726068747, 0.6531087798274292, 0.6552115824624258, 0.6580041518315257, 0.6593094596012421, 0.6597815120071339, 0.6597896920036527, 0.6607289686928424, 0.66064282744482, 0.6589301875712873, 0.6557456861369568, 0.6536756090414978, 0.6479203948203023, 0.6413443669112119]

listfEveGenProportion_belongToLocalSearchedIndNeighbor_exceptCurrLocalSearchedInd_AllRunsAve:
[0.0, 0.0, 0.0, 0.0, 0.0, 0.0, 0.0, 0.0, 0.0, 0.0, 0.0, 0.0, 0.0014285714285714286, 0.0019047619047619048, 0.0047619047619047615, 0.020476190476190474, 0.05047619047619047, 0.09666666666666668, 0.15619047619047616, 0.2580952380952382, 0.321904761904762, 0.3447619047619047, 0.4795238095238096, 0.5188795518207282, 0.6029411764705883, 0.614747380433655, 0.7091430646332608, 0.745751942418609, 0.6988151456778907, 0.8382994496970303, 0.7840779967736909, 0.8004605422560769, 0.8186458374716346, 0.8512042802090815, 0.8609509088357225, 0.8733560856817496, 0.8783308015512525, 0.8876978684148384, 0.9011396791557524, 0.9207880431274532, 0.9247263725050705, 0.9315804904985946, 0.9335114734733619, 0.9351747288072211, 0.9423894603271985, 0.9461878882175047, 0.9480520592492788, 0.9490996036906978, 0.9521872181325401, 0.9505189968464217, 0.9526971191575812]

listiAveDiversityMetric2EveGen:
[24.92317440885197, 226.17602658790884, 156.2613647678773, 119.52904578727103, 98.09897545676536, 45.19143223498179, 38.914373205194714, 38.19575243867764, 27.513431506271907, 18.44194556965823, 9.116425709456225, 5.607540735596905, 4.693514041953685, 3.5658719499562057, 3.6082714572911714, 3.495828938926968, 3.1587581183281968, 2.858878546923916, 2.9032840925490127, 2.959895111499756, 3.0340193665367847, 3.0270741498027482, 3.0183019116489263, 3.071023444764845, 3.246171880790157, 3.3156085371180093, 3.296988705748072, 3.4124870921438424, 3.558398252852265, 3.61599210299461, 4.026823161055701, 4.003472332015628, 4.062352070789035, 4.031030898888329, 4.081312543255039, 4.0681552591429195, 4.1596233951459425, 4.277050142153928, 4.348541655125867, 4.381963901366722, 4.457326102802282, 4.511481879740074, 4.5908305357595545, 4.680523541205782, 4.711993790209262, 4.73862568059097, 4.763073340324539, 4.8245466863910975, 4.860827122073129, 4.899539917091442, 4.913310632842775]

listiAveFitEvaNumByThisGen:
[70, 1140, 2210, 3280, 4350, 5420, 6490, 7560, 8630, 9700, 10770, 11840, 12910, 13980, 15050, 16120, 17190, 18260, 19330, 20400, 21470, 22540, 23610, 24680, 25753, 26836, 27946, 29070, 30216, 31403, 32610, 33876, 35193, 36580, 38023, 39546, 41156, 42860, 44653, 46543, 48526, 50610, 52793, 55076, 57460, 59976, 62626, 65476, 68526, 71843, 75426]
------------------------new instance-----------------------------
listiEveGenLocalSearchedIndNum_AllRunsEve:
[0.0, 10.0, 20.0, 30.0, 40.0, 50.0, 60.0, 70.0, 80.0, 90.0, 100.0, 110.0, 120.0, 130.0, 140.0, 150.0, 160.0, 170.0, 180.0, 190.0, 200.0, 210.0, 220.0, 230.0, 240.0, 250.0, 260.0, 270.0, 280.0, 290.0, 300.0, 310.0, 320.0, 330.0, 340.0, 350.0, 360.0, 370.0, 380.0, 390.0, 400.0, 410.0, 420.0, 430.0, 440.0, 450.3333333333333, 460.6666666666667, 471.3333333333333, 482.3333333333333, 495.0, 509.3333333333333]

listfEveGenBestIndFitness_AllRunsAve:
[0.02543642190320753, 0.02700369903316598, 0.030662797617259905, 0.03453145202058761, 0.0375850059499969, 0.041016791624277155, 0.0446712900164938, 0.04803977251155029, 0.05110918819514219, 0.05417152084456467, 0.05706014414503209, 0.06080270239045302, 0.06407469802734381, 0.06706778085723288, 0.06987020267989896, 0.07254351816116003, 0.0748989227164801, 0.07701145380547096, 0.07882912860502458, 0.08029438539741872, 0.08177401515306865, 0.08301954613451512, 0.08391570502073965, 0.08468213294713721, 0.08528636730156623, 0.08575479911497624, 0.0861379334872228, 0.08636835976934845, 0.08669396182579597, 0.08681758820010956, 0.08696388023495528, 0.0870595549746057, 0.08707884983656793, 0.08713270629454138, 0.08717569105846437, 0.08717856249893038, 0.08718143393939638, 0.08718286965962939, 0.08719433371072664, 0.08719433371072664, 0.08719433371072664, 0.08719433371072664, 0.08719433371072664, 0.08719433371072664, 0.08719433371072664, 0.08719433371072664, 0.08719433371072664, 0.08719433371072664, 0.08719433371072664, 0.08719433371072664, 0.08719433371072664]

listEveGenDiversityMetric1_AllRunsAve:
[1.0, 1.0, 0.9695238095238097, 0.9647619047619048, 0.8371428571428571, 0.8014285714285714, 0.7580952380952382, 0.7009523809523809, 0.7014285714285714, 0.72, 0.713333333333333, 0.7609523809523807, 0.73, 0.7299999999999999, 0.7385714285714282, 0.7357142857142857, 0.7280952380952378, 0.7142857142857141, 0.7076190476190475, 0.6995238095238094, 0.6785714285714285, 0.6604761904761903, 0.6538095238095237, 0.6152380952380953, 0.5898039215686273, 0.586750700280112, 0.569160701317564, 0.548920012449424, 0.5456202701300741, 0.5750754580792127, 0.5743534024958171, 0.5836294773967486, 0.5699200118388578, 0.6024607584180145, 0.5892174892710693, 0.6082028149480021, 0.6178290671849378, 0.6139235732961161, 0.6296972218146096, 0.6292204913124414, 0.6326605474334923, 0.6343642743758752, 0.6312094095977199, 0.6295593830527458, 0.6270926300394568, 0.6244565748968406, 0.6231639393890236, 0.6222322467787001, 0.6205255800925086, 0.615563110599356, 0.6096953071023168]

listfEveGenProportion_belongToLocalSearchedIndNeighbor_exceptCurrLocalSearchedInd_AllRunsAve:
[0.0, 0.0, 0.0, 0.0, 0.0, 0.0, 0.0, 0.0, 0.0, 0.0, 0.0, 0.0, 0.0014285714285714286, 0.005238095238095238, 0.01809523809523809, 0.04190476190476191, 0.06619047619047617, 0.11428571428571428, 0.16857142857142857, 0.2319047619047619, 0.29238095238095246, 0.33761904761904754, 0.39761904761904765, 0.49142857142857144, 0.543501400560224, 0.5853781512605043, 0.6436590932669365, 0.6715333540823737, 0.727673864340531, 0.7165169424743894, 0.7458334834908622, 0.7656208336218177, 0.8237626510684938, 0.8039332252834381, 0.8628764251741003, 0.8547361633968908, 0.8682472908485238, 0.8997207146078275, 0.8984991201167547, 0.9234311791628923, 0.9280524534782653, 0.9429863938715116, 0.9497653808107762, 0.955810069371077, 0.9620413465171214, 0.9647863695357263, 0.9649549342004069, 0.9659047644978122, 0.9680944835378492, 0.9692111994834485, 0.96982701095272]

listiAveDiversityMetric2EveGen:
[24.92317440885197, 276.11382510105494, 153.6475309280192, 143.56124120725795, 110.63797052868617, 64.2202028442547, 30.876383987243287, 19.28977449715446, 13.352602114401737, 10.010198829206121, 6.015585418372349, 6.519551651956729, 5.684988639270032, 3.9960908229706495, 3.0973226284422615, 3.2965969362750354, 3.0408364217772803, 2.730033071997965, 2.4960190093260572, 2.377496535770368, 2.6373259947961545, 2.7383046207350827, 2.7650506053292987, 3.00480691331353, 2.998639427430091, 3.1970409629786745, 3.340696646296435, 3.4577760208765276, 3.456207930739809, 3.5764822238944363, 3.806861586365292, 3.8795680710302594, 3.9201105490373824, 4.015165880588781, 4.113172005910377, 4.315655635507991, 4.3635761384638645, 4.3643980701724505, 4.341877846807378, 4.347891126959629, 4.363904788003954, 4.351569595625081, 4.343290854056881, 4.321697503977755, 4.328075464346812, 4.345717038739393, 4.363033651858586, 4.376322864374497, 4.382323044034448, 4.394781952368251, 4.406551928268802]

listiAveFitEvaNumByThisGen:
[70, 1140, 2210, 3280, 4350, 5420, 6490, 7560, 8630, 9700, 10770, 11840, 12910, 13980, 15050, 16120, 17190, 18260, 19330, 20400, 21470, 22540, 23610, 24680, 25750, 26826, 27903, 28993, 30096, 31216, 32373, 33563, 34796, 36066, 37410, 38813, 40296, 41866, 43520, 45273, 47120, 49066, 51113, 53260, 55506, 57886, 60366, 62980, 65726, 68740, 72020]
------------------------new instance-----------------------------
listiEveGenLocalSearchedIndNum_AllRunsEve:
[0.0, 10.0, 20.0, 30.0, 40.0, 50.0, 60.0, 70.0, 80.0, 90.0, 100.0, 110.0, 120.0, 130.0, 140.0, 150.0, 160.0, 170.0, 180.0, 190.0, 200.0, 210.0, 220.0, 230.0, 240.0, 250.0, 260.0, 270.0, 280.0, 290.0, 300.0, 310.0, 320.0, 330.0, 340.0, 350.0, 360.0, 370.0, 380.0, 390.0, 400.0, 410.0, 420.0, 430.0, 440.3333333333333, 450.6666666666667, 462.0, 474.3333333333333, 488.0, 503.6666666666667, 520.6666666666666]

listfEveGenBestIndFitness_AllRunsAve:
[0.024048484895204, 0.02543916239074808, 0.028727464055421884, 0.031966612515244554, 0.03492111620770325, 0.03800488195699612, 0.041024088333899075, 0.0438203535515918, 0.047064555499873956, 0.050466943289027386, 0.05345384075791773, 0.05641017135435301, 0.05951467685119164, 0.06272853735214205, 0.06553000340119347, 0.06808467633757663, 0.0705032040574567, 0.07252281145348127, 0.07407912203609804, 0.07526495994693039, 0.07624591868581282, 0.07700651443984853, 0.07760504823372952, 0.07803539755715007, 0.07834567979937647, 0.0786631965045717, 0.07878941228520374, 0.07900818574159149, 0.07914294300643318, 0.07923316267241118, 0.0793540834655181, 0.07944429287789866, 0.07953009363188802, 0.07959563916222448, 0.07969039959136717, 0.07970891696109726, 0.07971662795684471, 0.07976481630555514, 0.07979631419472533, 0.07981901906829995, 0.079881529777724, 0.07990827342299595, 0.079924615962608, 0.079924615962608, 0.079924615962608, 0.079924615962608, 0.079924615962608, 0.079924615962608, 0.079924615962608, 0.079924615962608, 0.079924615962608]

listEveGenDiversityMetric1_AllRunsAve:
[1.0, 1.0, 0.9714285714285714, 0.9442857142857143, 0.8285714285714285, 0.7838095238095236, 0.6947619047619047, 0.6976190476190477, 0.716190476190476, 0.7395238095238095, 0.7119047619047619, 0.7290476190476193, 0.7485714285714288, 0.7600000000000001, 0.7271428571428572, 0.7133333333333334, 0.7071428571428571, 0.7200000000000001, 0.7133333333333334, 0.7104761904761904, 0.6961904761904759, 0.6728571428571429, 0.648095238095238, 0.6322408963585435, 0.5966386554621848, 0.6394750492789708, 0.5877798526818137, 0.6196640337816806, 0.6212040677664371, 0.5997398164787225, 0.6090881570713947, 0.5888800460769807, 0.6177538729159733, 0.6174521270503561, 0.6194610201056825, 0.6189792255633961, 0.6288398422822709, 0.6367883740733816, 0.6408933762216961, 0.6447644531382214, 0.6471131474369262, 0.6491715708321505, 0.6486605779527204, 0.648837033002332, 0.6481073617725592, 0.647870783890067, 0.6454831218508298, 0.6412409918196765, 0.6343733789247545, 0.625562847395566, 0.6158129573151838]

listfEveGenProportion_belongToLocalSearchedIndNeighbor_exceptCurrLocalSearchedInd_AllRunsAve:
[0.0, 0.0, 0.0, 0.0, 0.0, 0.0, 0.0, 0.0, 0.0, 0.0014285714285714286, 0.002857142857142857, 0.0033333333333333335, 0.005238095238095238, 0.0047619047619047615, 0.020476190476190474, 0.053809523809523814, 0.10380952380952381, 0.1633333333333333, 0.23714285714285713, 0.3076190476190475, 0.42, 0.4557142857142858, 0.5452380952380952, 0.5875350140056022, 0.6852661064425768, 0.6222533457827577, 0.7456831621537503, 0.7164214915195307, 0.7196439177123364, 0.7777609424255452, 0.7857053830184423, 0.8399791651235341, 0.8206269903431308, 0.8552679759581757, 0.8590754602053629, 0.8825900122216173, 0.8879354004770657, 0.9055767882233643, 0.9146030981421431, 0.9194662514992352, 0.924116198246226, 0.9301700998703218, 0.9387210832509905, 0.9416539851016142, 0.9482581749397301, 0.9498296608151385, 0.9515803713309128, 0.9542078979874611, 0.9591471179821125, 0.9629661882715533, 0.9601351003542216]

listiAveDiversityMetric2EveGen:
[24.92317440885197, 211.50228282802306, 123.21661314506899, 98.02030369770257, 77.61683726765229, 51.46855431674875, 40.55471286973097, 27.615816833769845, 15.76888689993956, 7.90720423166116, 6.42418230892441, 5.540230037992932, 4.1403952922483835, 4.577159980396274, 4.022999809963893, 2.9338187169847987, 2.7426185146606423, 2.8597682816878063, 2.997757974015063, 3.1877722824479506, 3.0201778566499065, 2.9843077156088227, 3.041903938891247, 3.3040888665909076, 3.594920624332949, 3.782080798197141, 3.664314138487692, 3.919811415606578, 3.9044789462406726, 3.8324244595269925, 3.7729006417638606, 3.8173139184107994, 3.9488379366814885, 4.098002019602124, 4.264542154202231, 4.315331783743711, 4.389709129282234, 4.4151560156485905, 4.46140409745878, 4.468988493669671, 4.500124553519384, 4.554337582326279, 4.588450686072231, 4.6213525798110116, 4.651247265849665, 4.6834127575610855, 4.741891233363526, 4.761705975234672, 4.794529349971156, 4.815464560851873, 4.823901370181361]

listiAveFitEvaNumByThisGen:
[70, 1140, 2210, 3280, 4350, 5420, 6490, 7560, 8630, 9700, 10770, 11840, 12910, 13980, 15050, 16120, 17190, 18260, 19330, 20400, 21470, 22540, 23610, 24680, 25753, 26826, 27936, 29053, 30213, 31410, 32640, 33923, 35256, 36666, 38156, 39730, 41380, 43123, 44966, 46906, 48946, 51086, 53326, 55666, 58140, 60713, 63486, 66460, 69666, 73173, 76913]
------------------------new instance-----------------------------
listiEveGenLocalSearchedIndNum_AllRunsEve:
[0.0, 10.0, 20.0, 30.0, 40.0, 50.0, 60.0, 70.0, 80.0, 90.0, 100.0, 110.0, 120.0, 130.0, 140.0, 150.0, 160.0, 170.0, 180.0, 190.0, 200.0, 210.0, 220.0, 230.0, 240.0, 250.0, 260.0, 270.0, 280.0, 290.0, 300.0, 310.0, 320.0, 330.0, 340.0, 350.0, 360.0, 370.0, 380.0, 390.0, 400.0, 410.0, 420.0, 430.0, 440.0, 450.0, 460.6666666666667, 472.0, 483.6666666666667, 496.0, 509.3333333333333]

listfEveGenBestIndFitness_AllRunsAve:
[0.025537863206807416, 0.027060908343297736, 0.030491185529255605, 0.03442047010785798, 0.03767288235852963, 0.041065829913600034, 0.04440147388339472, 0.04777372436654616, 0.050711704601748675, 0.05373168188872986, 0.05680398244798328, 0.05981993084172638, 0.06284468379657035, 0.06604374526954739, 0.06899494627590118, 0.07179678918540845, 0.07434603308227901, 0.07655575159272984, 0.07873310655195254, 0.08039791984941838, 0.0820419523550825, 0.08330076447972527, 0.08435679111749571, 0.08511554108235381, 0.08571687520184283, 0.08654318847372484, 0.08707247183120208, 0.08748625429192176, 0.087836537642672, 0.08816425987968439, 0.08831774188355929, 0.08839979849140511, 0.08847782479767047, 0.08863605461820649, 0.08864100935187126, 0.08864100935187126, 0.08872418885526563, 0.08872418885526563, 0.08886130277085137, 0.08886130277085137, 0.088924025121529, 0.088924025121529, 0.088924025121529, 0.088924025121529, 0.088924025121529, 0.088924025121529, 0.088924025121529, 0.088924025121529, 0.088924025121529, 0.088924025121529, 0.088924025121529]

listEveGenDiversityMetric1_AllRunsAve:
[1.0, 1.0, 0.9814285714285714, 0.9623809523809523, 0.8133333333333332, 0.7780952380952381, 0.7561904761904763, 0.7480952380952381, 0.7204761904761907, 0.7300000000000001, 0.7352380952380951, 0.7190476190476189, 0.7190476190476189, 0.7485714285714286, 0.7171428571428571, 0.7309523809523811, 0.7295238095238096, 0.7128571428571429, 0.7057142857142856, 0.7142857142857143, 0.7128571428571431, 0.7147619047619045, 0.6852380952380951, 0.6528571428571428, 0.6122128851540616, 0.6467787114845938, 0.6508683473389355, 0.6437981118373274, 0.6175412387177092, 0.6009672417515556, 0.6238511507514428, 0.6161904359998468, 0.6027122007803543, 0.6171554266238803, 0.6241364047976296, 0.6204468900742117, 0.623289496372923, 0.6291029246030175, 0.6417008048230624, 0.6484307107844857, 0.6527261232711266, 0.6558602022160774, 0.6567653336947873, 0.6591441901027706, 0.6592020260556114, 0.6602438016985589, 0.6589745425144351, 0.6557040721152102, 0.6533540728960325, 0.650992509926214, 0.6472659479900075]

listfEveGenProportion_belongToLocalSearchedIndNeighbor_exceptCurrLocalSearchedInd_AllRunsAve:
[0.0, 0.0, 0.0, 0.0, 0.0, 0.0, 0.0, 0.0, 0.0, 0.0004761904761904762, 0.0, 0.0019047619047619048, 0.0071428571428571435, 0.013333333333333332, 0.028095238095238093, 0.04476190476190477, 0.07190476190476189, 0.13952380952380952, 0.209047619047619, 0.2676190476190476, 0.3085714285714286, 0.339047619047619, 0.411904761904762, 0.4747619047619047, 0.6142016806722688, 0.5698599439775909, 0.619439775910364, 0.6539111941072726, 0.7094885361552028, 0.7364036305212774, 0.7306985911950451, 0.7677311471025106, 0.8181178913067819, 0.814875700016664, 0.8377266941529496, 0.8646702901320483, 0.891686901933556, 0.9023149725884955, 0.8968487523511474, 0.9072636413586453, 0.9117132290051739, 0.9182405586603793, 0.9331556411763388, 0.9310462618639003, 0.946564429066554, 0.9445231511778813, 0.9545745446594774, 0.9530338118228436, 0.9602287288290988, 0.9560417370612145, 0.9637106445011342]

listiAveDiversityMetric2EveGen:
[24.92317440885197, 280.6995820062955, 175.10650210968655, 133.45405357303602, 85.21168846080757, 50.06972137277512, 39.036337109765135, 31.496834547135396, 17.784209994184607, 15.73143896197421, 12.689994893315445, 8.875145843424537, 6.561166210151356, 7.562130896298869, 4.897461637711165, 4.144860906429364, 2.549930155300936, 2.357009031716026, 2.4435304422125914, 2.628050369570218, 2.694343022317098, 2.66254093420607, 2.676162482300209, 2.687849445680394, 2.809574337881486, 3.2622575564844962, 3.386487852214635, 3.3541582473579554, 3.2068551266581933, 3.252768745573195, 3.249695523246858, 3.097102924311066, 3.17846441863792, 3.3910952109435377, 3.314844040208978, 3.2749910852873625, 3.308584103385574, 3.344972673917404, 3.477557776946628, 3.499337084690895, 3.5199559184187224, 3.502685257511734, 3.4986632115893643, 3.5046249486662706, 3.525021370108452, 3.5642192306869043, 3.5846837171498342, 3.6106714531786026, 3.6383589547872517, 3.671942609176858, 3.687743488803694]

listiAveFitEvaNumByThisGen:
[70, 1140, 2210, 3280, 4350, 5420, 6490, 7560, 8630, 9700, 10770, 11840, 12910, 13980, 15050, 16120, 17190, 18260, 19330, 20400, 21470, 22540, 23610, 24680, 25750, 26823, 27923, 29033, 30163, 31310, 32476, 33693, 34943, 36233, 37590, 39013, 40506, 42076, 43736, 45493, 47343, 49290, 51330, 53463, 55693, 58016, 60506, 63160, 65946, 68900, 72053]
------------------------new instance-----------------------------
listiEveGenLocalSearchedIndNum_AllRunsEve:
[0.0, 10.0, 20.0, 30.0, 40.0, 50.0, 60.0, 70.0, 80.0, 90.0, 100.0, 110.0, 120.0, 130.0, 140.0, 150.0, 160.0, 170.0, 180.0, 190.0, 200.0, 210.0, 220.0, 230.0, 240.0, 250.0, 260.0, 270.0, 280.0, 290.0, 300.0, 310.0, 320.0, 330.0, 340.0, 350.0, 360.0, 370.0, 380.0, 390.0, 400.0, 410.0, 420.0, 430.0, 440.0, 450.3333333333333, 461.0, 472.6666666666667, 486.0, 500.3333333333333, 516.0]

listfEveGenBestIndFitness_AllRunsAve:
[0.02557749571199408, 0.02698287639267183, 0.031245562945509692, 0.034724754968905515, 0.03809104526036601, 0.04106002294292288, 0.04429690806583168, 0.04787313194948568, 0.051282003869194716, 0.05447909267802775, 0.057607673584079186, 0.060827208249034405, 0.06411195617964106, 0.06738991182081634, 0.07082654053214145, 0.07383296806601879, 0.07687719995865765, 0.07944922693919763, 0.08166069854877156, 0.08365961012310895, 0.08539446978322987, 0.08680313188331049, 0.08806361083492041, 0.08869657853633785, 0.08916931164437034, 0.08956087514830272, 0.08971993894489415, 0.08981931062822339, 0.08992278969171368, 0.08995113283582098, 0.08999226338155912, 0.09006301899864845, 0.09019983113798319, 0.09020375622937464, 0.0902242518226696, 0.09023277639780283, 0.09023927259580954, 0.0902422962350379, 0.09025228964480424, 0.0902573954998142, 0.0902573954998142, 0.0902573954998142, 0.0902573954998142, 0.0902573954998142, 0.0902573954998142, 0.0902573954998142, 0.0902573954998142, 0.09032092573267678, 0.09038445596553939, 0.09038445596553939, 0.09038445596553939]

listEveGenDiversityMetric1_AllRunsAve:
[1.0, 1.0, 0.9828571428571429, 0.9057142857142858, 0.8585714285714285, 0.779047619047619, 0.7557142857142857, 0.7628571428571431, 0.6976190476190478, 0.7014285714285714, 0.727142857142857, 0.7142857142857143, 0.7295238095238096, 0.748095238095238, 0.7442857142857146, 0.7347619047619047, 0.7371428571428573, 0.7457142857142857, 0.7466666666666666, 0.7061904761904763, 0.7014285714285714, 0.7070868347338934, 0.680392156862745, 0.6414845938375348, 0.6320448179271707, 0.5805882352941176, 0.6022989936715427, 0.5682384064737004, 0.59512215296529, 0.5639633256237345, 0.5871831278080317, 0.6015700932617174, 0.5869490048952203, 0.6009883537734261, 0.6172845595802856, 0.6215434590446255, 0.6395333547469739, 0.6367851299834938, 0.651330967834267, 0.6503234399268056, 0.65359559808494, 0.6575088140860289, 0.6572909686837958, 0.6564278620272084, 0.6549113463647803, 0.6520380154944775, 0.6481934482607964, 0.6431432567517352, 0.6366425059139114, 0.6276776150266028, 0.6166415069370235]

listfEveGenProportion_belongToLocalSearchedIndNeighbor_exceptCurrLocalSearchedInd_AllRunsAve:
[0.0, 0.0, 0.0, 0.0, 0.0, 0.0, 0.0, 0.0, 0.0, 0.0004761904761904762, 0.0009523809523809524, 0.0047619047619047615, 0.005714285714285714, 0.006666666666666667, 0.014285714285714285, 0.03619047619047619, 0.05523809523809523, 0.08523809523809521, 0.1366666666666667, 0.20952380952380953, 0.27952380952380945, 0.2884313725490197, 0.38593837535014003, 0.4574509803921568, 0.5159663865546217, 0.6624089635854341, 0.6177798526818135, 0.7579074592800082, 0.7172028330851862, 0.8101175572139278, 0.7848495030957757, 0.7859035314392153, 0.8240022826631151, 0.8362806907434019, 0.8347217770474569, 0.8689039517163978, 0.864772477902541, 0.8970509570651062, 0.896649981343996, 0.9205491782518197, 0.926795420059528, 0.9326709840369822, 0.9357592460042462, 0.9429526535447005, 0.9514016198736587, 0.9551672941713097, 0.9542641066158344, 0.9609948839649358, 0.9619160754271168, 0.9633713174571511, 0.9641059847280806]

listiAveDiversityMetric2EveGen:
[24.92317440885197, 314.5039041417869, 128.68705839252317, 73.54705314009662, 54.25627429211551, 48.165115680550734, 42.31675881274585, 25.638510619874918, 20.350207853777928, 17.212700881738954, 13.823145117572334, 8.202437743171204, 5.974984949997642, 6.079925425830908, 5.067532099670368, 3.9557700991759863, 3.584813560290741, 3.5147066742681106, 3.185236577806926, 2.779589756339418, 2.7621028795471134, 3.1032567264055, 2.9959599359369515, 2.907703051319097, 2.992723709403407, 2.993804482772537, 3.185390087599117, 3.2705665962238957, 3.4975317537447874, 3.6955863418406674, 4.294192269898825, 4.23262649962072, 4.082353029387192, 4.177156668166155, 4.321427885234814, 4.4192759757776034, 4.529090877949378, 4.51956453024041, 4.582465003517986, 4.5828628002604255, 4.590223522557865, 4.5774147004716665, 4.5362214630158535, 4.5122752781458635, 4.488572493243869, 4.464739022268939, 4.43507951090855, 4.405569729416184, 4.395708926629783, 4.420048385206831, 4.43591600005613]

listiAveFitEvaNumByThisGen:
[70, 1140, 2210, 3280, 4350, 5420, 6490, 7560, 8630, 9700, 10770, 11840, 12910, 13980, 15050, 16120, 17190, 18260, 19330, 20400, 21470, 22540, 23613, 24686, 25760, 26843, 27926, 29033, 30153, 31323, 32523, 33776, 35083, 36446, 37880, 39386, 40963, 42626, 44373, 46220, 48160, 50200, 52340, 54580, 56920, 59393, 62000, 64806, 67880, 71153, 74660]
------------------------new instance-----------------------------
listiEveGenLocalSearchedIndNum_AllRunsEve:
[0.0, 10.0, 20.0, 30.0, 40.0, 50.0, 60.0, 70.0, 80.0, 90.0, 100.0, 110.0, 120.0, 130.0, 140.0, 150.0, 160.0, 170.0, 180.0, 190.0, 200.0, 210.0, 220.0, 230.0, 240.0, 250.0, 260.0, 270.0, 280.0, 290.0, 300.0, 310.0, 320.0, 330.0, 340.0, 350.0, 360.0, 370.0, 380.0, 390.0, 400.0, 410.0, 420.0, 430.0, 440.3333333333333, 451.6666666666667, 463.3333333333333, 475.3333333333333, 489.0, 503.3333333333333, 518.3333333333334]

listfEveGenBestIndFitness_AllRunsAve:
[0.02418897837189327, 0.02565822361177502, 0.029075372694525863, 0.03244995870622554, 0.035580884470389054, 0.03851375930868586, 0.04220313527861402, 0.045339735662559284, 0.0486850577623319, 0.0518704612430018, 0.055206931084081576, 0.05835277008552541, 0.061253601051172134, 0.06423951746232794, 0.06717122791177357, 0.06988537750642551, 0.072353891310927, 0.0745509712700682, 0.07656709972220602, 0.07824047186124185, 0.07973815179150322, 0.08098539710172181, 0.08187205819275488, 0.0826512281910556, 0.0832022724950947, 0.08362724310917481, 0.08400791254801689, 0.084220283737012, 0.08440877690491856, 0.08455300995029183, 0.08463759742521934, 0.08473029763460974, 0.08474785772057922, 0.08478271383698474, 0.08483665032684824, 0.08490929524885613, 0.08491382497747499, 0.08491817215389937, 0.08491993834075816, 0.08492924935699907, 0.08495394480864288, 0.08495394480864288, 0.08499067233036509, 0.08502165204413507, 0.08502428614284895, 0.08509407466236117, 0.08510559913194697, 0.08513163438368165, 0.08513328089615384, 0.08515882758833054, 0.08515882758833054]

listEveGenDiversityMetric1_AllRunsAve:
[1.0, 1.0, 0.9957142857142857, 0.9519047619047619, 0.8409523809523809, 0.7704761904761905, 0.7666666666666667, 0.7028571428571428, 0.7200000000000002, 0.7147619047619048, 0.7333333333333332, 0.7133333333333334, 0.7209523809523809, 0.7442857142857143, 0.7642857142857142, 0.7557142857142857, 0.741904761904762, 0.7223809523809523, 0.707142857142857, 0.7052380952380953, 0.659047619047619, 0.6599439775910363, 0.6621008403361348, 0.6321008403361346, 0.6069281045751633, 0.5990396839416448, 0.5485097983137199, 0.5524596304988462, 0.5498035904669194, 0.5404382102059022, 0.5634224081957551, 0.5598269325510727, 0.5435999740425236, 0.5740376520947229, 0.5776526795155125, 0.5755760946386689, 0.5729142689097312, 0.5695078926500224, 0.5775772482353511, 0.5823807439733332, 0.583457620782482, 0.5913707273074085, 0.5948155065683949, 0.5942900688191611, 0.5922258095161991, 0.588980546148203, 0.585534993244763, 0.5817371532941291, 0.5760357844294538, 0.5713703755091023, 0.5676749271326026]

listfEveGenProportion_belongToLocalSearchedIndNeighbor_exceptCurrLocalSearchedInd_AllRunsAve:
[0.0, 0.0, 0.0, 0.0, 0.0, 0.0, 0.0, 0.0, 0.0, 0.0, 0.0023809523809523807, 0.004285714285714285, 0.006190476190476191, 0.012380952380952381, 0.028571428571428567, 0.058095238095238096, 0.10238095238095238, 0.1438095238095238, 0.19095238095238096, 0.2371428571428571, 0.3138095238095238, 0.37142857142857133, 0.40764705882352936, 0.4931372549019608, 0.5492447349310094, 0.5953373261216396, 0.6769268708484397, 0.6934909419223146, 0.7188638062939272, 0.7390116044758911, 0.7473059249924151, 0.8020636847197804, 0.8509775110193355, 0.8213323454155979, 0.8326323476244596, 0.8479577297907815, 0.8742677088116404, 0.9058867327646821, 0.905919560425523, 0.9160272385778346, 0.931018728837584, 0.9294948825446139, 0.9284825113571531, 0.9333796666066637, 0.937552471463875, 0.9501791641268011, 0.9514426321188043, 0.9530356518654413, 0.9607088465134066, 0.9581816307470953, 0.955810431974567]

listiAveDiversityMetric2EveGen:
[24.92317440885197, 227.83079713145494, 150.67805676221343, 102.64016856917102, 68.80153520597487, 46.337131986506016, 30.37919194361215, 19.301546139480788, 18.270021738416013, 9.498251284886987, 7.078239962735777, 6.627052214206413, 5.747589024771851, 5.408749262359848, 5.055203848731258, 3.916861437958926, 2.5988745061561698, 2.4589304996520767, 2.4550451557224444, 2.5330586525725605, 2.477923662638758, 2.6515778411450954, 2.733149559703593, 2.885598763238321, 2.7670224344247876, 2.680006523554119, 2.630211207387037, 2.831518505168272, 3.2520339483391636, 2.8507761538175798, 2.879751858636245, 2.857104037293977, 2.904601335844433, 3.3909908217188605, 3.3906730767659754, 3.299296566563211, 3.240234631685405, 3.3081157044911587, 3.3417955905267553, 3.432950447581302, 3.4986131204732867, 3.589887116439649, 3.5834598315018793, 3.556647930604086, 3.5048276335138464, 3.474565329105528, 3.468964358561881, 3.5244563868075156, 3.521443778278636, 3.5294163373659795, 3.534763895032706]

listiAveFitEvaNumByThisGen:
[70, 1140, 2210, 3280, 4350, 5420, 6490, 7560, 8630, 9700, 10770, 11840, 12910, 13980, 15050, 16120, 17190, 18260, 19330, 20400, 21470, 22540, 23613, 24693, 25776, 26876, 27990, 29116, 30270, 31453, 32680, 33956, 35276, 36660, 38116, 39640, 41236, 42913, 44673, 46526, 48473, 50513, 52653, 54893, 57263, 59826, 62516, 65336, 68420, 71666, 75076]
------------------------new instance-----------------------------
