listiEveGenLocalSearchedIndNum_AllRunsEve:
[0.0, 10.0, 20.0, 30.0, 40.0, 50.0, 60.0, 70.0, 80.0, 90.0, 100.0, 110.0, 120.0, 130.0, 140.0, 150.0, 160.0, 170.0, 180.0, 190.0, 200.0, 210.0, 220.0, 230.0, 240.0, 250.0, 260.0, 270.0, 280.0, 290.0, 300.0, 310.0, 320.0, 330.0, 340.0, 350.0, 360.0, 370.0, 380.0, 390.0, 400.0, 410.0, 420.0, 430.0, 440.0, 450.0, 460.0, 470.0, 480.0, 490.0, 500.0]

listfEveGenBestIndFitness_AllRunsAve:
[0.024941560374575702, 0.026527847418450285, 0.030379938022117817, 0.03404210275505019, 0.03804044944966934, 0.04130765423004514, 0.04433154053028583, 0.04787964268015312, 0.05102511143005618, 0.05489662831818312, 0.058295970412392956, 0.0619600933343043, 0.06565039334790705, 0.0691915268437458, 0.07253973399100562, 0.07570143140671083, 0.07862501126479736, 0.08119121840956706, 0.08348586249701317, 0.08547689494767186, 0.08702110638678966, 0.08862304902551325, 0.08987219794981276, 0.09086821403187556, 0.09166290575348998, 0.09211121507201449, 0.0924196823852646, 0.09261482142449468, 0.09285722810976767, 0.0930026751363205, 0.09306252458022561, 0.09308184680518175, 0.09308184680518175, 0.09312494569924075, 0.09314326900104608, 0.09315522786952424, 0.093157898921608, 0.09317493597311073, 0.09323655784139251, 0.09327311591423786, 0.093285074782716, 0.09330777307277519, 0.09331228071344141, 0.09332423958191957, 0.0933543890997907, 0.09339541069165523, 0.09339541069165523, 0.09340736956013339, 0.09340736956013339, 0.09342564859655605, 0.09342564859655605]

listEveGenDiversityMetric1_AllRunsAve:
[1.0, 1.0, 0.9816666666666667, 0.9663333333333333, 0.8936666666666666, 0.8013333333333333, 0.7636666666666667, 0.7833333333333334, 0.761, 0.8003333333333332, 0.7699999999999999, 0.8, 0.7876666666666667, 0.773, 0.773, 0.754, 0.7506666666666668, 0.7419999999999999, 0.7279999999999999, 0.7289999999999999, 0.716, 0.7126666666666668, 0.6833333333333333, 0.6601666666666667, 0.6168333333333333, 0.5876666666666667, 0.5676388888888888, 0.5434333333333333, 0.5336944444444445, 0.5687587301587301, 0.5641250000000002, 0.5934417989417989, 0.5858166666666667, 0.600997594997595, 0.612375, 0.6145232998482998, 0.6184988095238096, 0.6227413225663226, 0.6231376623376622, 0.6250049163255046, 0.6275850862100862, 0.6273558214861621, 0.6247659474784475, 0.6232801859690018, 0.6220684099397334, 0.6210548965514153, 0.6192357894141177, 0.6184047582635902, 0.6166836909521507, 0.6164221402268232, 0.6158885055934827]

listfEveGenProportion_belongToLocalSearchedIndNeighbor_exceptCurrLocalSearchedInd_AllRunsAve:
[0.0, 0.0, 0.0, 0.0, 0.0, 0.0, 0.0, 0.0, 0.0016666666666666668, 0.002, 0.003, 0.009333333333333334, 0.02266666666666667, 0.05400000000000001, 0.08733333333333335, 0.12733333333333333, 0.158, 0.21033333333333332, 0.26733333333333337, 0.3183333333333334, 0.38300000000000006, 0.43966666666666665, 0.4810000000000001, 0.5368333333333333, 0.6195000000000002, 0.6484444444444443, 0.7374999999999999, 0.7707111111111112, 0.800222222222222, 0.7787746031746029, 0.8295138888888889, 0.8288034391534393, 0.8881055555555555, 0.8906547859547859, 0.8965865079365082, 0.9069413604913605, 0.9091291005291006, 0.9179700743700743, 0.9261357984607986, 0.932651840697429, 0.932832068857069, 0.9341339640694132, 0.9411537194287195, 0.9460720527193822, 0.9495707433089786, 0.9553106090348281, 0.964201250154501, 0.9648172743150145, 0.9646039133238048, 0.964678958914634, 0.9639784858860946]

listiAveDiversityMetric2EveGen:
[24.981286664626065, 275.701227667925, 187.47344982756866, 117.39223567527122, 77.7447299200762, 51.99111402373907, 46.50795301159745, 28.702922192973503, 17.075582766384382, 12.758828368533823, 7.738496907118321, 7.003523596911879, 5.595225889875183, 4.198056009250757, 3.365908091011122, 2.8885104989286807, 2.458552323232324, 2.6373710832228006, 2.605801354963779, 2.5753473373465297, 2.613628367173418, 2.8199412032785767, 2.8381436683331627, 2.763359977845034, 2.71479124078734, 2.645493331755973, 2.6057816773893707, 2.5309786919744566, 2.6537431243647487, 2.800366132113639, 2.8333347176639543, 3.025459080273515, 3.0695075544089643, 3.1963418175575904, 3.290397829875672, 3.3313543662919645, 3.36182039777514, 3.4027730456265157, 3.4086378022872896, 3.449451907995245, 3.4863056587912507, 3.5241493958814956, 3.5476253293535214, 3.5629441728894085, 3.5767438131445677, 3.5944522053937873, 3.6218683097192845, 3.6536434737008987, 3.666523546765288, 3.681652550451271, 3.6765113271516507]

listiAveFitEvaNumByThisGen:
[100, 1200, 2300, 3400, 4500, 5600, 6700, 7800, 8900, 10000, 11100, 12200, 13300, 14400, 15500, 16600, 17700, 18800, 19900, 21000, 22100, 23200, 24300, 25400, 26506, 27616, 28740, 29883, 31056, 32270, 33540, 34850, 36233, 37686, 39230, 40870, 42603, 44436, 46366, 48393, 50516, 52740, 55063, 57486, 60010, 62633, 65356, 68180, 71103, 74126, 77250]
------------------------new instance-----------------------------
listiEveGenLocalSearchedIndNum_AllRunsEve:
[0.0, 10.0, 20.0, 30.0, 40.0, 50.0, 60.0, 70.0, 80.0, 90.0, 100.0, 110.0, 120.0, 130.0, 140.0, 150.0, 160.0, 170.0, 180.0, 190.0, 200.0, 210.0, 220.0, 230.0, 240.0, 250.0, 260.0, 270.0, 280.0, 290.0, 300.0, 310.0, 320.0, 330.0, 340.0, 350.0, 360.0, 370.0, 380.0, 390.0, 400.0, 410.0, 420.0, 430.0, 440.0, 450.0, 460.0, 470.0, 480.0, 490.0, 500.0]

listfEveGenBestIndFitness_AllRunsAve:
[0.024026773447491236, 0.025591215888382975, 0.029487251719429213, 0.03293732051697549, 0.03644779471693104, 0.040268513838758686, 0.044025233866215416, 0.0482179346503955, 0.051654571265813146, 0.05519829107938727, 0.058678767133478256, 0.06211006534599041, 0.06559442103121217, 0.0692108988957214, 0.0724143128382901, 0.0757568185162029, 0.07850119644657164, 0.08089532830510202, 0.083132637234282, 0.08483044265247723, 0.08624426692244672, 0.08740330410378964, 0.08826648902342968, 0.08935983553153008, 0.0897629308332481, 0.09045690465621053, 0.09077446975759366, 0.09111002826194582, 0.09120055943056858, 0.09130961573238236, 0.0913652624682149, 0.09145860948346843, 0.09146473141057429, 0.0914671645284773, 0.0914671645284773, 0.0914671645284773, 0.0914671645284773, 0.0914671645284773, 0.0914671645284773, 0.0914671645284773, 0.0914671645284773, 0.0914671645284773, 0.0914671645284773, 0.0914671645284773, 0.0914671645284773, 0.0914671645284773, 0.0914671645284773, 0.0914671645284773, 0.0914671645284773, 0.0914671645284773, 0.0914671645284773]

listEveGenDiversityMetric1_AllRunsAve:
[1.0, 1.0, 0.9943333333333333, 0.9516666666666665, 0.8670000000000001, 0.8239999999999998, 0.7846666666666666, 0.7813333333333332, 0.7683333333333333, 0.7783333333333332, 0.7766666666666665, 0.8009999999999999, 0.8146666666666668, 0.7956666666666669, 0.7923333333333334, 0.7683333333333336, 0.7639999999999998, 0.7643333333333333, 0.748, 0.7490000000000002, 0.7169999999999999, 0.6673333333333333, 0.6506666666666666, 0.6166666666666667, 0.6028333333333333, 0.5705000000000002, 0.544111111111111, 0.5289999999999998, 0.5397777777777778, 0.5303055555555557, 0.5389071428571428, 0.5456694444444443, 0.5491920634920635, 0.5630119047619045, 0.5743609547859548, 0.5840757936507934, 0.5939592000591999, 0.593381794131794, 0.5972156732156731, 0.5991652962777964, 0.5996679258105729, 0.5989098836348836, 0.5989005477208262, 0.5988956944743707, 0.5997572757895127, 0.5997524691754182, 0.5990742139808064, 0.5984200720790505, 0.5975173575891536, 0.5956353805256701, 0.5947239893750841]

listfEveGenProportion_belongToLocalSearchedIndNeighbor_exceptCurrLocalSearchedInd_AllRunsAve:
[0.0, 0.0, 0.0, 0.0, 0.0, 0.0, 0.0, 0.0, 0.0016666666666666668, 0.0026666666666666666, 0.007333333333333333, 0.017, 0.028333333333333335, 0.04800000000000001, 0.068, 0.11933333333333335, 0.1536666666666667, 0.18833333333333332, 0.24199999999999994, 0.28500000000000003, 0.3460000000000001, 0.42000000000000004, 0.473, 0.5533333333333332, 0.5601666666666667, 0.6485, 0.6663333333333334, 0.7434166666666668, 0.7303111111111111, 0.7899444444444444, 0.8074706349206351, 0.8349055555555556, 0.8632224867724865, 0.8721075396825397, 0.8916319384319383, 0.9112140211640212, 0.9150454369704367, 0.9360666666666667, 0.9404091908091906, 0.9449817571317572, 0.9549070358290948, 0.9586353590853592, 0.9628032130093277, 0.9658648620714797, 0.9677429815984381, 0.9688876540226771, 0.9714822103403745, 0.9731493156267539, 0.9747092942381399, 0.9755770257963523, 0.9773093023770775]

listiAveDiversityMetric2EveGen:
[24.981286664626065, 300.94590555385497, 166.01781441349524, 125.1614060170731, 89.44942596061627, 66.01455584124069, 36.86434009998979, 18.07582404108424, 16.207420113593855, 12.90440764411795, 10.332926739448352, 7.624764604972281, 6.48699040506071, 4.440228719518418, 3.677426370098289, 3.348217077168996, 2.9885262823521406, 3.104413993129953, 3.015070347923681, 2.987161016222835, 2.8693792211679083, 2.8023417841716824, 2.8143728150188756, 2.853724034962419, 2.8400402935214553, 2.8587038528686035, 2.8018887895561653, 2.7449395811326855, 2.6833564203942215, 2.7074465926384326, 2.7592190222838577, 2.793265690479598, 2.8731820340016894, 2.9073372096596803, 2.9829340733186447, 3.035505492970922, 3.0833662622240814, 3.092826338586763, 3.138934822455201, 3.1699841620396554, 3.194493999100396, 3.226902360658508, 3.2623996706378198, 3.2886721208718206, 3.314285612046906, 3.3459710539914886, 3.3700912154163274, 3.397789860049508, 3.414480675479837, 3.4368484024693067, 3.462888927647035]

listiAveFitEvaNumByThisGen:
[100, 1200, 2300, 3400, 4500, 5600, 6700, 7800, 8900, 10000, 11100, 12200, 13300, 14400, 15500, 16600, 17700, 18800, 19900, 21000, 22100, 23200, 24300, 25400, 26500, 27603, 28713, 29833, 30966, 32133, 33336, 34590, 35903, 37283, 38746, 40296, 41940, 43683, 45523, 47463, 49503, 51643, 53883, 56223, 58663, 61203, 63843, 66583, 69423, 72363, 75403]
------------------------new instance-----------------------------
listiEveGenLocalSearchedIndNum_AllRunsEve:
[0.0, 10.0, 20.0, 30.0, 40.0, 50.0, 60.0, 70.0, 80.0, 90.0, 100.0, 110.0, 120.0, 130.0, 140.0, 150.0, 160.0, 170.0, 180.0, 190.0, 200.0, 210.0, 220.0, 230.0, 240.0, 250.0, 260.0, 270.0, 280.0, 290.0, 300.0, 310.0, 320.0, 330.0, 340.0, 350.0, 360.0, 370.0, 380.0, 390.0, 400.0, 410.0, 420.0, 430.0, 440.0, 450.0, 460.0, 470.0, 480.0, 490.0, 500.0]

listfEveGenBestIndFitness_AllRunsAve:
[0.0254269269463641, 0.027124182532253027, 0.031100519736567234, 0.03548469280481922, 0.039209281883343515, 0.04312095520926435, 0.04640090715395199, 0.04954627210803759, 0.053362867934206984, 0.056675988646128224, 0.06016352171925179, 0.06360253984585396, 0.06674304751926866, 0.06983651484712054, 0.07298347877327091, 0.07570214241292231, 0.07808570924720205, 0.08032383438405845, 0.08220921999598053, 0.08388848443750783, 0.08505531480879264, 0.08618790027113403, 0.08713941361014865, 0.0876663701810279, 0.0882229007120388, 0.08850103990206487, 0.08860153676447498, 0.08873608330280562, 0.08887904438828899, 0.08897880288129717, 0.08900979185714555, 0.08910182657589288, 0.08919232824732358, 0.08926109501225084, 0.08928024568189746, 0.08929823681005564, 0.08932009465723899, 0.08932009465723899, 0.08933774798270931, 0.08933936048525695, 0.08935329547625752, 0.0894067638264971, 0.0894077073634076, 0.08940837632904472, 0.08940837632904472, 0.0894618446792843, 0.08946884697832784, 0.08947873841351553, 0.08948412161597676, 0.08953758996621632, 0.08959294539027689]

listEveGenDiversityMetric1_AllRunsAve:
[1.0, 1.0, 0.9736666666666667, 0.9623333333333332, 0.849, 0.8123333333333332, 0.7843333333333333, 0.7983333333333333, 0.8123333333333332, 0.7896666666666666, 0.8059999999999998, 0.7960000000000002, 0.77, 0.7696666666666666, 0.7706666666666666, 0.7696666666666665, 0.7513333333333335, 0.7456666666666668, 0.7476666666666667, 0.731, 0.7313333333333333, 0.7068333333333334, 0.6723333333333333, 0.6631111111111113, 0.6565555555555557, 0.6337500000000001, 0.6147222222222221, 0.6114666666666664, 0.6088611111111111, 0.6075999999999999, 0.6200583333333332, 0.6297428571428572, 0.640686507936508, 0.6448492784992784, 0.6528705026455026, 0.65884708994709, 0.6633232804232807, 0.66336549006549, 0.6661345053095052, 0.6657407753466575, 0.6653858914233913, 0.6644456710901757, 0.666106444699092, 0.6676909160398713, 0.6673630875459823, 0.6657301774797619, 0.6651563286744789, 0.66454264068131, 0.6636011876420445, 0.661320385041673, 0.6595330388151556]

listfEveGenProportion_belongToLocalSearchedIndNeighbor_exceptCurrLocalSearchedInd_AllRunsAve:
[0.0, 0.0, 0.0, 0.0, 0.0, 0.0, 0.0006666666666666666, 0.0006666666666666666, 0.001, 0.002, 0.003666666666666667, 0.015666666666666666, 0.03066666666666667, 0.05700000000000001, 0.082, 0.11399999999999998, 0.15400000000000003, 0.22499999999999995, 0.3053333333333334, 0.3426666666666666, 0.39499999999999996, 0.47333333333333333, 0.5021666666666668, 0.5724444444444445, 0.6060555555555556, 0.6869166666666667, 0.7290555555555557, 0.7866555555555552, 0.788888888888889, 0.8139166666666663, 0.8316694444444442, 0.8419791005291006, 0.8578503968253969, 0.8684698051948053, 0.8757791005291004, 0.8860541874791874, 0.9051362554112555, 0.9197183806933807, 0.9187286047286047, 0.925963925235984, 0.9361044626669626, 0.9402572613259916, 0.9410773354641001, 0.9443465353331455, 0.9545482922893527, 0.956980776828813, 0.9557215492310696, 0.954557689348536, 0.9612625772184646, 0.9630465651175526, 0.9665258934378615]

listiAveDiversityMetric2EveGen:
[24.981286664626065, 344.9894715886134, 193.68743998911674, 114.24336054688298, 89.13115409175936, 45.02750904329489, 31.17460598714416, 25.632573273475494, 22.774825948372616, 19.296483156140532, 17.9115902254872, 14.673478650477845, 7.913384702241269, 5.658575893616297, 4.116296832296025, 3.6705347182260306, 3.0193199768731076, 3.1563327211509025, 2.6714903717307754, 2.5907617522021558, 2.6729455361697783, 2.9636570783471257, 2.983883963593463, 3.203191280960765, 3.345158484076003, 3.4856175169504837, 3.6188781124254334, 3.6161973941623407, 3.700649130770222, 3.7847740450284997, 3.925927971481271, 4.067265574944141, 4.214323934415651, 4.406817106062463, 4.456195336150587, 4.48566525120055, 4.5365619488997275, 4.572152735903311, 4.647975881690568, 4.678093273746776, 4.712504257888005, 4.709682461467116, 4.731744403586096, 4.784298901795784, 4.800425223136393, 4.8131931842963285, 4.825036357861426, 4.869286546665451, 4.887411806452893, 4.903651918619702, 4.921499183557071]

listiAveFitEvaNumByThisGen:
[100, 1200, 2300, 3400, 4500, 5600, 6700, 7800, 8900, 10000, 11100, 12200, 13300, 14400, 15500, 16600, 17700, 18800, 19900, 21000, 22100, 23200, 24303, 25410, 26523, 27653, 28800, 29976, 31190, 32453, 33770, 35153, 36620, 38160, 39790, 41510, 43320, 45230, 47236, 49343, 51550, 53856, 56263, 58770, 61376, 64083, 66890, 69796, 72803, 75910, 79116]
------------------------new instance-----------------------------
listiEveGenLocalSearchedIndNum_AllRunsEve:
[0.0, 10.0, 20.0, 30.0, 40.0, 50.0, 60.0, 70.0, 80.0, 90.0, 100.0, 110.0, 120.0, 130.0, 140.0, 150.0, 160.0, 170.0, 180.0, 190.0, 200.0, 210.0, 220.0, 230.0, 240.0, 250.0, 260.0, 270.0, 280.0, 290.0, 300.0, 310.0, 320.0, 330.0, 340.0, 350.0, 360.0, 370.0, 380.0, 390.0, 400.0, 410.0, 420.0, 430.0, 440.0, 450.0, 460.0, 470.0, 480.0, 490.0, 500.0]

listfEveGenBestIndFitness_AllRunsAve:
[0.025655151054979963, 0.02725938683740366, 0.031133306544394883, 0.03508048051228192, 0.03872744586041157, 0.04212822948100942, 0.04581077961287258, 0.04893619692494378, 0.05267422952641086, 0.055823730202451655, 0.05959741391790661, 0.06279494865551717, 0.06599766668871393, 0.06880689138330207, 0.07158523063516914, 0.07443046968404093, 0.07669760491529419, 0.07870148463280198, 0.08039207953047187, 0.08168405696081295, 0.08262047905443116, 0.08368861162476453, 0.08441665960963594, 0.0851391168801095, 0.08557833850083006, 0.08598045844904474, 0.08621919812585198, 0.0864748493897785, 0.08658908606410179, 0.08667144489557224, 0.08670369805131078, 0.08673668555143393, 0.08673992180160406, 0.08677912982921253, 0.08677912982921253, 0.0867840308382965, 0.08678564896338155, 0.08678564896338155, 0.08679556604669922, 0.08679556604669922, 0.08679718417178428, 0.08679718417178428, 0.08679718417178428, 0.08679718417178428, 0.08679718417178428, 0.08679718417178428, 0.08679718417178428, 0.08679718417178428, 0.08679718417178428, 0.08679718417178428, 0.08679718417178428]

listEveGenDiversityMetric1_AllRunsAve:
[1.0, 1.0, 0.9643333333333334, 0.939, 0.8483333333333333, 0.7873333333333332, 0.8126666666666666, 0.768, 0.795, 0.7573333333333333, 0.8123333333333334, 0.7919999999999998, 0.7849999999999999, 0.7953333333333332, 0.788, 0.7749999999999998, 0.7503333333333334, 0.7309999999999999, 0.7436666666666667, 0.7286666666666667, 0.6903333333333334, 0.6738333333333333, 0.6398333333333334, 0.6092222222222222, 0.6094444444444445, 0.5938333333333332, 0.5828555555555556, 0.5817777777777777, 0.5922936507936508, 0.5856361111111111, 0.5929981481481481, 0.6035603174603175, 0.5985265151515152, 0.6114432539682539, 0.623164936914937, 0.6306671115921118, 0.6286117965367967, 0.6299809274059275, 0.6306828445519623, 0.6317019924519925, 0.6296291625528467, 0.6262336895947193, 0.6232440172028408, 0.6209186253632849, 0.6178711651258361, 0.6166685312136552, 0.613690073259214, 0.6136467030954917, 0.6115419719908076, 0.6112337807270702, 0.611259295487611]

listfEveGenProportion_belongToLocalSearchedIndNeighbor_exceptCurrLocalSearchedInd_AllRunsAve:
[0.0, 0.0, 0.0, 0.0, 0.0, 0.0, 0.0, 0.0, 0.0003333333333333333, 0.0006666666666666666, 0.003, 0.014000000000000002, 0.019666666666666666, 0.03533333333333333, 0.065, 0.10666666666666667, 0.161, 0.21600000000000003, 0.25700000000000006, 0.3136666666666667, 0.39433333333333326, 0.4631666666666667, 0.5005, 0.5844444444444442, 0.6035555555555554, 0.6639166666666666, 0.7191444444444445, 0.7212777777777776, 0.7392936507936507, 0.7907777777777778, 0.8035, 0.8177849206349208, 0.8622755772005772, 0.8617263227513229, 0.8747049145299144, 0.8848690476190478, 0.9170389369889372, 0.9230279165279165, 0.9383258400640755, 0.9405770146520147, 0.9470135843688477, 0.9504352370668548, 0.9576008977406035, 0.9634731885016715, 0.9677341134736225, 0.9681740101888707, 0.9703074967395865, 0.9710760895369742, 0.9736731503965059, 0.9744499057371139, 0.974133238865781]

listiAveDiversityMetric2EveGen:
[24.981286664626065, 283.67581319049077, 140.07477990681224, 103.52274005101522, 74.97410195422236, 49.548330284664836, 45.513654021698464, 31.927126471448492, 21.3792552882359, 10.4313781369248, 12.215374926368058, 8.951434446825154, 6.9907787327823705, 5.760319647655002, 4.098567581539299, 3.596332926572119, 2.903369935040642, 2.823181102608577, 2.500362437846478, 2.4151642009318777, 2.663698508315478, 2.7879295667474833, 2.941145613624771, 3.0676765315648153, 3.2182061402259086, 3.285363930270893, 3.5414700280464326, 3.5700584835224065, 3.673303770082957, 3.872128099443983, 4.04186492241113, 4.164723002153623, 4.177509872112747, 4.33706365426815, 4.354332197877606, 4.361100738765068, 4.3155731407423925, 4.318217761994484, 4.369874417051952, 4.381697618627785, 4.386216358238313, 4.351483359954704, 4.351359037421906, 4.352214128339919, 4.341683827446189, 4.351233197480529, 4.3544607552114405, 4.359564492911776, 4.370174599136261, 4.393223563191687, 4.430354314712485]

listiAveFitEvaNumByThisGen:
[100, 1200, 2300, 3400, 4500, 5600, 6700, 7800, 8900, 10000, 11100, 12200, 13300, 14400, 15500, 16600, 17700, 18800, 19900, 21000, 22100, 23200, 24303, 25406, 26513, 27630, 28756, 29900, 31073, 32276, 33520, 34810, 36160, 37570, 39060, 40636, 42310, 44076, 45943, 47906, 49970, 52133, 54396, 56760, 59223, 61786, 64450, 67213, 70076, 73040, 76103]
------------------------new instance-----------------------------
listiEveGenLocalSearchedIndNum_AllRunsEve:
[0.0, 10.0, 20.0, 30.0, 40.0, 50.0, 60.0, 70.0, 80.0, 90.0, 100.0, 110.0, 120.0, 130.0, 140.0, 150.0, 160.0, 170.0, 180.0, 190.0, 200.0, 210.0, 220.0, 230.0, 240.0, 250.0, 260.0, 270.0, 280.0, 290.0, 300.0, 310.0, 320.0, 330.0, 340.0, 350.0, 360.0, 370.0, 380.0, 390.0, 400.0, 410.0, 420.0, 430.0, 440.0, 450.0, 460.0, 470.0, 480.0, 490.0, 500.0]

listfEveGenBestIndFitness_AllRunsAve:
[0.024183135846368258, 0.025780915080545325, 0.02898406822268497, 0.032523334201641295, 0.036202937018963675, 0.04006089374195898, 0.043192069464968445, 0.046360598868426695, 0.049183469971547905, 0.052040526205938534, 0.055211175911148776, 0.05823068307680805, 0.06130324651827062, 0.06418111985683048, 0.06681220927854438, 0.06924384074587997, 0.0711978619548929, 0.0729168071118838, 0.07415794267678175, 0.07518047194933415, 0.07610289070134563, 0.07668640050072666, 0.07727958710089194, 0.07763304594504347, 0.07803631429490812, 0.07828017312558509, 0.07852676386974293, 0.07870924877248618, 0.0789153526356695, 0.079020519914835, 0.07917463923401381, 0.07922114019807688, 0.0792724453768247, 0.0793107950930421, 0.07935593516704119, 0.07939346613844861, 0.07940939498455078, 0.07943252349051781, 0.07944326962926898, 0.07947145875361962, 0.07949220712814258, 0.07952608177286076, 0.07952608177286076, 0.07953764602584427, 0.07953764602584427, 0.07953764602584427, 0.07954921027882779, 0.07954921027882779, 0.07954921027882779, 0.07954921027882779, 0.07954921027882779]

listEveGenDiversityMetric1_AllRunsAve:
[1.0, 1.0, 0.981, 0.9716666666666668, 0.8926666666666666, 0.8273333333333333, 0.7673333333333334, 0.772, 0.7533333333333335, 0.7710000000000001, 0.8076666666666668, 0.8049999999999998, 0.8116666666666666, 0.7939999999999999, 0.7753333333333333, 0.768, 0.7536666666666666, 0.765, 0.7873333333333333, 0.7710000000000001, 0.7603333333333333, 0.7458333333333333, 0.6938333333333334, 0.6611666666666667, 0.6352777777777778, 0.6119444444444443, 0.6193333333333334, 0.6073055555555555, 0.609888888888889, 0.606988888888889, 0.5980698412698414, 0.6246972222222221, 0.6222675925925927, 0.6316824074074073, 0.6367636243386242, 0.6427240019240019, 0.6467722296222296, 0.6503957505457506, 0.6537967809967812, 0.655152608040108, 0.654592116870058, 0.6542716286436874, 0.6544664513161417, 0.6523007315855226, 0.6527421931139036, 0.6517463132498735, 0.6511128014070504, 0.6499774745496748, 0.6489749817237297, 0.6476224981291921, 0.6462135816052998]

listfEveGenProportion_belongToLocalSearchedIndNeighbor_exceptCurrLocalSearchedInd_AllRunsAve:
[0.0, 0.0, 0.0, 0.0, 0.0, 0.0, 0.0003333333333333333, 0.0, 0.001, 0.0013333333333333333, 0.003, 0.011000000000000001, 0.03266666666666667, 0.065, 0.10500000000000001, 0.1416666666666667, 0.19566666666666663, 0.2483333333333334, 0.28666666666666674, 0.35833333333333334, 0.423, 0.4481666666666667, 0.6034999999999999, 0.6351666666666667, 0.6897222222222223, 0.7087222222222221, 0.719, 0.7462222222222222, 0.7711611111111112, 0.7924388888888888, 0.8176674603174603, 0.7988932539682541, 0.8405920634920633, 0.854366402116402, 0.8700272727272724, 0.8888573472823474, 0.8990039747289749, 0.906596993746994, 0.916743475043475, 0.9314114501239498, 0.9358129950387303, 0.939451492652228, 0.9431402424244141, 0.9507517087172659, 0.9521819383818223, 0.9541276382658734, 0.9550164195336006, 0.9598337026285909, 0.9613951697046617, 0.9637217022544994, 0.9654530354559832]

listiAveDiversityMetric2EveGen:
[24.981286664626065, 286.75899752814337, 195.9860275931028, 145.5075440791756, 96.30628907526444, 62.8549026956433, 36.99047226337448, 28.405378700132633, 17.17052766588444, 12.330669852736117, 10.015096889433051, 9.715192909567055, 9.249537685270209, 5.7864495214774, 5.032593426521104, 3.6961447770635654, 3.44006837261504, 3.431818608985478, 3.5982324021358365, 3.6853535992925885, 3.5893623154099923, 3.6397091238756483, 3.4946377992321516, 3.8749326857513173, 3.7672334407663697, 3.5029184661591724, 3.3785496998071993, 3.368678229881667, 3.445303764596212, 3.578375870517754, 3.7289031109848505, 3.763147162092069, 3.8437847920523196, 3.8960582616666817, 3.9620147268390964, 4.027056206569137, 4.059137961758649, 4.129328811432905, 4.238648530294693, 4.348915186435717, 4.463807665272368, 4.529332022656768, 4.611515327981254, 4.682367017389609, 4.7933800965281215, 4.862925150958217, 4.909917781721784, 4.919545297437315, 4.917501273568519, 4.907255616615677, 4.908181095234826]

listiAveFitEvaNumByThisGen:
[100, 1200, 2300, 3400, 4500, 5600, 6700, 7800, 8900, 10000, 11100, 12200, 13300, 14400, 15500, 16600, 17700, 18800, 19900, 21000, 22100, 23200, 24303, 25406, 26520, 27653, 28800, 29976, 31176, 32416, 33706, 35043, 36446, 37913, 39456, 41083, 42803, 44620, 46536, 48553, 50670, 52886, 55203, 57620, 60136, 62753, 65470, 68286, 71203, 74220, 77336]
------------------------new instance-----------------------------
listiEveGenLocalSearchedIndNum_AllRunsEve:
[0.0, 10.0, 20.0, 30.0, 40.0, 50.0, 60.0, 70.0, 80.0, 90.0, 100.0, 110.0, 120.0, 130.0, 140.0, 150.0, 160.0, 170.0, 180.0, 190.0, 200.0, 210.0, 220.0, 230.0, 240.0, 250.0, 260.0, 270.0, 280.0, 290.0, 300.0, 310.0, 320.0, 330.0, 340.0, 350.0, 360.0, 370.0, 380.0, 390.0, 400.0, 410.0, 420.0, 430.0, 440.0, 450.0, 460.0, 470.0, 480.0, 490.0, 500.0]

listfEveGenBestIndFitness_AllRunsAve:
[0.02566175422152347, 0.027362310898614732, 0.03124390772783613, 0.03532034187473223, 0.038826286689473535, 0.04226721663479128, 0.04618725938127883, 0.049755680791556456, 0.05342401791644708, 0.05683847772864779, 0.06055143276718265, 0.06379253016246733, 0.06693774157957028, 0.07011331684601789, 0.07285323811115092, 0.07545676881547332, 0.07779529844139953, 0.08002082854165514, 0.08160923734449635, 0.08295644321235802, 0.08406540934530472, 0.0849110672323447, 0.08560427126103384, 0.08616429041573799, 0.0867743299090378, 0.08709400667834566, 0.08737628657498063, 0.0875144362950015, 0.0876378151425335, 0.08796311334452388, 0.08798450435400582, 0.0880565158969438, 0.08818842831675486, 0.0882769908753996, 0.08830326678690138, 0.08835868646228086, 0.0883796025495956, 0.0883796025495956, 0.08838724332834118, 0.08847238377514505, 0.08847238377514505, 0.08847238377514505, 0.08847238377514505, 0.08847238377514505, 0.08847238377514505, 0.08847238377514505, 0.08847238377514505, 0.08847238377514505, 0.08847238377514505, 0.08847238377514505, 0.08847238377514505]

listEveGenDiversityMetric1_AllRunsAve:
[1.0, 1.0, 0.9743333333333333, 0.9763333333333332, 0.8513333333333334, 0.7836666666666667, 0.804, 0.7729999999999999, 0.7766666666666666, 0.7756666666666667, 0.8006666666666666, 0.7933333333333333, 0.7870000000000001, 0.7823333333333333, 0.7579999999999999, 0.7403333333333333, 0.744, 0.7373333333333335, 0.7546666666666666, 0.7253333333333334, 0.7053333333333334, 0.6706666666666666, 0.6753333333333333, 0.6351666666666668, 0.6097222222222223, 0.632611111111111, 0.6139444444444443, 0.6216611111111111, 0.5990555555555555, 0.6035952380952382, 0.61525, 0.6186674603174604, 0.6338015873015874, 0.6395904280904282, 0.6473891534391535, 0.6522100538350537, 0.6579623617123616, 0.6596156907906909, 0.6619772348022348, 0.6596460081313021, 0.658279254079254, 0.6571826649056137, 0.6561169579059283, 0.6561559680343737, 0.6575241072695795, 0.6555693219916415, 0.6555390231457572, 0.655755923594087, 0.655548240029353, 0.654228045732782, 0.6535370380958637]

listfEveGenProportion_belongToLocalSearchedIndNeighbor_exceptCurrLocalSearchedInd_AllRunsAve:
[0.0, 0.0, 0.0, 0.0, 0.0, 0.0, 0.0, 0.0, 0.0013333333333333333, 0.003, 0.011333333333333334, 0.015666666666666666, 0.04400000000000001, 0.069, 0.10833333333333334, 0.16933333333333334, 0.21400000000000002, 0.2786666666666667, 0.306, 0.36933333333333335, 0.43633333333333335, 0.507, 0.5341666666666665, 0.609, 0.6735555555555557, 0.6588888888888889, 0.7445555555555555, 0.7404388888888889, 0.7946666666666666, 0.80975, 0.8162666666666668, 0.8265013227513228, 0.846159126984127, 0.864086038961039, 0.8707742063492063, 0.8825057155807153, 0.8931824675324674, 0.9099111619861621, 0.9162995985495986, 0.931528845609728, 0.9363458379583381, 0.936176077584553, 0.9456592022900845, 0.9475212460999614, 0.9508886462809063, 0.9565525481093494, 0.9609262460822059, 0.9601219406860818, 0.9644406231671341, 0.9671468103612708, 0.9708746497256449]

listiAveDiversityMetric2EveGen:
[24.981286664626065, 305.82539880284315, 170.0943359466721, 112.62235815665066, 70.98686086181685, 65.99471175866408, 39.619489973132, 27.342477145869477, 21.828242090943107, 12.525586244940998, 9.003104241063836, 7.9070451355303915, 6.45663855388906, 4.69461878855899, 4.0731396007210146, 3.119156749991497, 2.942406023875115, 2.820153183008536, 2.817777987280209, 2.6783771234227802, 2.689993085059348, 2.635578304254667, 2.7651974109797632, 2.862231923237975, 2.84065554374089, 3.0319926737976743, 3.1228333319926134, 3.1229751057548274, 3.0956082316718843, 3.1276154287675415, 3.2893146982269985, 3.3290880923593744, 3.383969863386083, 3.4568956285248262, 3.509637797567798, 3.544108031558496, 3.536391581462842, 3.526525787699015, 3.5465635296770115, 3.5787846579379994, 3.608674749513595, 3.674422546703711, 3.685009123449577, 3.675225104097025, 3.694895088283432, 3.7019487924300045, 3.707361469871349, 3.720183220554397, 3.7331394187818234, 3.7416175025704854, 3.763956824939527]

listiAveFitEvaNumByThisGen:
[100, 1200, 2300, 3400, 4500, 5600, 6700, 7800, 8900, 10000, 11100, 12200, 13300, 14400, 15500, 16600, 17700, 18800, 19900, 21000, 22100, 23200, 24300, 25406, 26526, 27653, 28813, 29990, 31213, 32470, 33780, 35156, 36596, 38110, 39700, 41373, 43133, 44983, 46923, 48960, 51090, 53320, 55646, 58070, 60590, 63210, 65926, 68743, 71660, 74676, 77793]
------------------------new instance-----------------------------
listiEveGenLocalSearchedIndNum_AllRunsEve:
[0.0, 10.0, 20.0, 30.0, 40.0, 50.0, 60.0, 70.0, 80.0, 90.0, 100.0, 110.0, 120.0, 130.0, 140.0, 150.0, 160.0, 170.0, 180.0, 190.0, 200.0, 210.0, 220.0, 230.0, 240.0, 250.0, 260.0, 270.0, 280.0, 290.0, 300.0, 310.0, 320.0, 330.0, 340.0, 350.0, 360.0, 370.0, 380.0, 390.0, 400.0, 410.0, 420.0, 430.0, 440.0, 450.0, 460.0, 470.0, 480.0, 490.0, 500.0]

listfEveGenBestIndFitness_AllRunsAve:
[0.025777137410629092, 0.027397309164067334, 0.03139237220060182, 0.035418972286504063, 0.039334745427782, 0.04277456391742317, 0.0469727597088946, 0.050390097080632607, 0.054482622101667794, 0.05794956094945374, 0.06167983393761795, 0.06533744003763199, 0.06875916386702981, 0.07191076565407087, 0.07513800677851806, 0.07786631899063672, 0.08018817035138014, 0.08237977996895941, 0.0840361466792293, 0.08525544652122342, 0.08634044227756392, 0.08705566044940966, 0.08769687046540404, 0.08815103078257182, 0.08850878481365983, 0.08874548115280918, 0.08879827635542117, 0.08886859788348737, 0.08887905670074882, 0.08888518347738782, 0.08890468676868202, 0.08890621415151423, 0.08890690184015562, 0.0889069386898765, 0.08909736917531161, 0.08913517022544798, 0.08928186901055433, 0.08928524707415356, 0.08928804764908894, 0.08931851645890991, 0.08944426078440756, 0.08946151639473726, 0.08965013288298374, 0.08965013288298374, 0.08965351094658296, 0.08965688901018218, 0.08968735782000317, 0.08976348626614196, 0.08983385611511048, 0.08988044424558737, 0.08992610388190518]

listEveGenDiversityMetric1_AllRunsAve:
[1.0, 1.0, 0.9963333333333332, 0.9503333333333333, 0.8536666666666666, 0.7903333333333334, 0.8469999999999999, 0.7949999999999999, 0.8293333333333334, 0.7856666666666666, 0.8019999999999999, 0.8133333333333334, 0.8, 0.7956666666666663, 0.7689999999999999, 0.7616666666666666, 0.7606666666666667, 0.7473333333333334, 0.751, 0.7323333333333333, 0.7126666666666668, 0.6813333333333331, 0.6534999999999999, 0.6380000000000001, 0.6061666666666666, 0.5795000000000001, 0.5795277777777776, 0.5902222222222221, 0.5744055555555555, 0.59165, 0.5988023809523809, 0.6109357142857142, 0.6277107142857141, 0.637340343915344, 0.6506442760942762, 0.6586645863395864, 0.661412097162097, 0.6645645918895918, 0.6644506900506898, 0.665475363987864, 0.66619221489295, 0.6670690106190107, 0.6663658220907059, 0.6649677437471941, 0.6621331790070953, 0.6606745115794651, 0.6601661278995106, 0.6591817460406486, 0.6593821181586841, 0.65807135028196, 0.6566056827144658]

listfEveGenProportion_belongToLocalSearchedIndNeighbor_exceptCurrLocalSearchedInd_AllRunsAve:
[0.0, 0.0, 0.0, 0.0, 0.0, 0.0, 0.0, 0.0, 0.0, 0.0016666666666666668, 0.0033333333333333335, 0.011333333333333332, 0.02566666666666667, 0.04866666666666667, 0.09633333333333335, 0.13366666666666666, 0.1676666666666666, 0.23599999999999996, 0.2740000000000001, 0.3333333333333333, 0.4053333333333334, 0.491, 0.5228333333333332, 0.5781666666666667, 0.6291666666666665, 0.6876666666666668, 0.7379999999999999, 0.7532222222222221, 0.8110000000000002, 0.8063499999999999, 0.8416166666666668, 0.8531555555555557, 0.8626318783068782, 0.8794694444444445, 0.8908262506012505, 0.901077501202501, 0.9068620527620528, 0.9113791726791728, 0.9183679875679877, 0.924697910885411, 0.9307438449894332, 0.9336946210107976, 0.9399137526731953, 0.9395836871676655, 0.9434228372433096, 0.9461221058539557, 0.949325747927745, 0.9528090626626952, 0.9532330067852208, 0.9549225022471334, 0.9550345571542904]

listiAveDiversityMetric2EveGen:
[24.981286664626065, 326.60992742373224, 180.41606383430263, 132.0369010781213, 92.87404217256741, 52.69720993912187, 52.49971158725301, 36.484123360201345, 32.80636094004013, 24.76560741693025, 16.10465481753562, 14.129451537598204, 9.590406214331871, 6.552145262728293, 5.4379469605142345, 3.927558240995817, 3.646415373941435, 3.034892598714417, 3.210804671632147, 3.227962571166208, 3.3854164323368363, 3.418290617964153, 3.2762977750221, 3.2659928396762963, 3.1988433883665617, 3.3041963789752336, 3.2957259472406815, 3.6030217214748115, 3.7397923166639973, 3.9771445833047796, 4.094982231043089, 4.2518902847277324, 4.381247981513756, 4.490130745091068, 4.53865544849159, 4.6560298824032165, 4.788447067298483, 4.87605561464891, 4.85494397340521, 4.824627497907607, 4.742983569481239, 4.71501847058897, 4.747266215869374, 4.8132439469289725, 4.865247420544519, 4.921968907110879, 4.888863187785956, 4.865594819137649, 4.867763368076693, 4.872838973450817, 4.897334665894891]

listiAveFitEvaNumByThisGen:
[100, 1200, 2300, 3400, 4500, 5600, 6700, 7800, 8900, 10000, 11100, 12200, 13300, 14400, 15500, 16600, 17700, 18800, 19900, 21000, 22100, 23200, 24300, 25403, 26510, 27630, 28763, 29923, 31120, 32353, 33646, 35000, 36426, 37940, 39543, 41243, 43043, 44943, 46940, 49033, 51220, 53500, 55876, 58353, 60930, 63606, 66383, 69260, 72236, 75313, 78490]
------------------------new instance-----------------------------
listiEveGenLocalSearchedIndNum_AllRunsEve:
[0.0, 10.0, 20.0, 30.0, 40.0, 50.0, 60.0, 70.0, 80.0, 90.0, 100.0, 110.0, 120.0, 130.0, 140.0, 150.0, 160.0, 170.0, 180.0, 190.0, 200.0, 210.0, 220.0, 230.0, 240.0, 250.0, 260.0, 270.0, 280.0, 290.0, 300.0, 310.0, 320.0, 330.0, 340.0, 350.0, 360.0, 370.0, 380.0, 390.0, 400.0, 410.0, 420.0, 430.0, 440.0, 450.0, 460.0, 470.0, 480.0, 490.0, 500.0]

listfEveGenBestIndFitness_AllRunsAve:
[0.02438539930865686, 0.025862951865191, 0.029551889541516652, 0.03370268239081604, 0.037022392470754964, 0.04083506266714798, 0.04441969699638369, 0.04789136274305937, 0.05149227658166329, 0.05471550470670062, 0.057885980754547275, 0.060951640912137055, 0.06404584028081385, 0.06722850436017268, 0.07008796494607648, 0.07265635073377291, 0.07522192064344543, 0.0774326989916409, 0.07919194528959589, 0.0806103989137149, 0.08160063333753052, 0.08243510065024796, 0.08300146702947594, 0.08353758309196321, 0.08391823108458302, 0.08418880096198422, 0.08425183820193101, 0.08435851023931099, 0.08437421143893767, 0.08439157630016013, 0.08440397600557809, 0.0844570675403444, 0.08448718364282112, 0.08448803756326714, 0.08451781537698191, 0.08452050158258397, 0.08455875291107674, 0.08457015864921943, 0.08466717679960646, 0.0846710964488147, 0.08469419965676919, 0.08469473633286068, 0.08471829170532062, 0.08473069722974393, 0.08473069722974393, 0.08473371008224723, 0.08474526168622451, 0.08474526168622451, 0.08474526168622451, 0.08476566821268999, 0.08476566821268999]

listEveGenDiversityMetric1_AllRunsAve:
[1.0, 1.0, 0.9803333333333334, 0.9636666666666666, 0.8386666666666667, 0.8163333333333334, 0.7619999999999999, 0.7456666666666666, 0.7556666666666667, 0.7663333333333333, 0.7876666666666665, 0.8036666666666665, 0.797, 0.7943333333333334, 0.7836666666666665, 0.7586666666666668, 0.7396666666666668, 0.7346666666666665, 0.7373333333333335, 0.7010000000000001, 0.6716666666666666, 0.6285000000000001, 0.5965, 0.6172777777777778, 0.5864166666666668, 0.5794666666666666, 0.5639166666666667, 0.5339468253968254, 0.5328833333333333, 0.5456944444444444, 0.5525531746031747, 0.5590532828282828, 0.5680541005291008, 0.5701312881562881, 0.5699379509379509, 0.5763234607984608, 0.5801474562474562, 0.5794072535851948, 0.5808138879638881, 0.5845842853783643, 0.5850116251395663, 0.5875969864286041, 0.5858739815997556, 0.5836601889571571, 0.5846409080141279, 0.5857214006793574, 0.5871759473242765, 0.5861942502677747, 0.5838184464079166, 0.583062446770142, 0.5828628219644582]

listfEveGenProportion_belongToLocalSearchedIndNeighbor_exceptCurrLocalSearchedInd_AllRunsAve:
[0.0, 0.0, 0.0, 0.0, 0.0, 0.0, 0.0, 0.001, 0.0016666666666666668, 0.003333333333333333, 0.012333333333333333, 0.021333333333333333, 0.041666666666666664, 0.06466666666666668, 0.09400000000000003, 0.1416666666666667, 0.20533333333333334, 0.25699999999999995, 0.275, 0.35366666666666674, 0.45766666666666667, 0.5071666666666667, 0.5996666666666666, 0.5985555555555556, 0.6530833333333332, 0.6977, 0.7335833333333336, 0.7992238095238094, 0.8231666666666666, 0.809639417989418, 0.8541912698412698, 0.8698298701298703, 0.8718907407407406, 0.8729603276353276, 0.9035323593073592, 0.9173931697931698, 0.9256137825137826, 0.9375925763778706, 0.9303111249861253, 0.9357643386097334, 0.9361249947220536, 0.9369560560898795, 0.9477753033487555, 0.957505104888481, 0.9541731218443292, 0.9565610414442226, 0.9590681347320985, 0.9629210960477698, 0.9637790924883782, 0.9667815876555738, 0.9695092280822829]

listiAveDiversityMetric2EveGen:
[24.981286664626065, 248.51744122300445, 162.97874310104413, 98.82448490426148, 64.52937229398361, 52.775540321735875, 25.18899050845152, 22.039939229330344, 12.324243112607558, 10.180572436826173, 10.548617077168995, 9.153362869094993, 6.607737062204537, 4.749971190694826, 4.457388130462879, 3.8427625276332344, 3.524043168384178, 3.252118416488114, 2.75085605278373, 2.7101912689181384, 2.7428951141040034, 2.5271691040477506, 2.615301962909178, 3.1244522984463337, 3.0095745663114455, 2.9862558529849976, 3.083458246374623, 2.9280984072110567, 2.9897961793875742, 2.936358994502474, 3.3375100768033708, 3.2153191091440636, 3.2127601078371315, 3.2410326086466217, 3.2394031247180686, 3.259809867778922, 3.2962729728521802, 3.2924287789752333, 3.3238385173158895, 3.355163602939339, 3.4064727300260844, 3.427652297869106, 3.479800807056026, 3.508024502871694, 3.5608918818619517, 3.599034673509318, 3.627184624604919, 3.65814720240865, 3.684639960602304, 3.7069662502149874, 3.7213774434263187]

listiAveFitEvaNumByThisGen:
[100, 1200, 2300, 3400, 4500, 5600, 6700, 7800, 8900, 10000, 11100, 12200, 13300, 14400, 15500, 16600, 17700, 18800, 19900, 21000, 22100, 23200, 24303, 25410, 26540, 27686, 28860, 30066, 31306, 32590, 33946, 35360, 36850, 38423, 40083, 41826, 43666, 45603, 47636, 49766, 51996, 54326, 56753, 59276, 61900, 64623, 67446, 70370, 73393, 76516, 79740]
------------------------new instance-----------------------------
