5.315496406111398755e+03 5.315496406111398755e+03 5.315496406111398755e+03 5.315496406111398755e+03 5.315496406111398755e+03 5.315496406111398755e+03 5.315496406111398755e+03 5.315496406111398755e+03 5.315496406111398755e+03 5.315496406111398755e+03
5.440935192848300176e+03 5.440935192848300176e+03 5.440935192848300176e+03 5.440935192848300176e+03 5.440935192848300176e+03 5.440935192848300176e+03 5.440935192848300176e+03 5.440935192848300176e+03 5.440935192848300176e+03 5.440935192848300176e+03
4.795554596185705122e+03 4.795554596185705122e+03 4.795554596185705122e+03 4.795554596185705122e+03 4.795554596185705122e+03 4.795554596185705122e+03 4.795554596185705122e+03 4.795554596185705122e+03 4.795554596185705122e+03 4.795554596185705122e+03
5.208579438929865319e+03 5.208579438929865319e+03 5.208579438929865319e+03 5.208579438929865319e+03 5.208579438929865319e+03 5.208579438929865319e+03 5.208579438929865319e+03 5.208579438929865319e+03 5.208579438929865319e+03 5.208579438929865319e+03
5.269682811468444015e+03 5.269682811468444015e+03 5.269682811468444015e+03 5.269682811468444015e+03 5.269682811468444015e+03 5.269682811468444015e+03 5.269682811468444015e+03 5.269682811468444015e+03 5.269682811468444015e+03 5.269682811468444015e+03
4.506215541796780599e+03 4.506215541796780599e+03 4.506215541796780599e+03 4.506215541796780599e+03 4.506215541796780599e+03 4.506215541796780599e+03 4.506215541796780599e+03 4.506215541796780599e+03 4.506215541796780599e+03 4.506215541796780599e+03
5.019539398944401910e+03 5.019539398944401910e+03 5.019539398944401910e+03 5.019539398944401910e+03 5.019539398944401910e+03 5.019539398944401910e+03 5.019539398944401910e+03 5.019539398944401910e+03 5.019539398944401910e+03 5.019539398944401910e+03
3.881664984573782021e+03 3.881664984573782021e+03 3.881664984573782021e+03 3.881664984573782021e+03 3.881664984573782021e+03 3.881664984573782021e+03 3.881664984573782021e+03 3.881664984573782021e+03 3.881664984573782021e+03 3.881664984573782021e+03
5.293301435032297377e+03 5.293301435032297377e+03 5.293301435032297377e+03 5.293301435032297377e+03 5.293301435032297377e+03 5.293301435032297377e+03 5.293301435032297377e+03 5.293301435032297377e+03 5.293301435032297377e+03 5.293301435032297377e+03
5.187534781361617206e+03 5.187534781361617206e+03 5.187534781361617206e+03 5.187534781361617206e+03 5.187534781361617206e+03 5.187534781361617206e+03 5.187534781361617206e+03 5.187534781361617206e+03 5.187534781361617206e+03 5.187534781361617206e+03
